#t/Tc	(Rf-Ro)/Ro	r085	#t/Tc	(Rf-Ro)/Ro	r09	#t/Tc	(Rf-Ro)/Ro	r075	#t/Tc	(Rf-Ro)/Ro	r08
0.0136515941	0	0	0.0136515805	0	0	0.0136517262	0	0	0.0136516124	0	0
0.0273031934	0.010506555	0.0089538051	0.0273031661	0.0073915124	0.0062513991	0.0273034576	0.0116890962	0.0102053135	0.0273032298	0.0008266521	0.0100209541
0.0409547773	0.0150926385	0.0242527037	0.0409547363	0.0152334093	0.0203575197	0.0409551736	0.0095953953	0.0299503765	0.040954832	0.020769583	0.0283468004
0.0546063868	0.0260980377	0.0426979659	0.0546063322	0.0363826708	0.0369499696	0.0546069152	0.0419228581	0.0522589599	0.0546064597	0.0261442226	0.0486149586
0.0682579707	0.0543267726	0.0583378437	0.0682579024	0.0550882454	0.0534792619	0.0682586312	0.0458228265	0.0776551204	0.0682580618	0.0283491618	0.0698212945
0.0819095802	0.0781379741	0.0800541889	0.0819094982	0.0589247217	0.073287151	0.0819103728	0.0542560776	0.1042720809	0.0819096895	0.0862396258	0.0914981184
0.0955611641	0.1048217333	0.1083410817	0.0955610685	0.0924057145	0.0959595152	0.0955620888	0.1271817224	0.1397004683	0.0955612917	0.0920033723	0.1151724177
0.1092127736	0.1122299295	0.1374926148	0.1092126643	0.0896990029	0.1218149404	0.1092138304	0.1000656934	0.1745892092	0.1092129194	0.1413951325	0.1493597446
0.1228643576	0.1244500103	0.1682467107	0.1228642346	0.1070918564	0.1469816283	0.1228655464	0.2076374847	0.2155895457	0.1228645215	0.1502645287	0.1840771201
0.1365159415	0.1985403804	0.1993138041	0.1365158048	0.1320275515	0.1758182501	0.1365172624	0.1259471194	0.2613663528	0.1365161237	0.2284498012	0.2266672743
0.150167551	0.2417064154	0.243822598	0.1501674007	0.1775744486	0.2095192031	0.150169004	0.2455767065	0.3181403544	0.1501677514	0.2618045114	0.2818638679
0.1638191349	0.2693962704	0.3012366396	0.1638189709	0.1867238622	0.252464344	0.16382072	0.283794955	0.3719315105	0.1638193535	0.2546840948	0.3444403671
0.1774707444	0.2930657457	0.3541523926	0.1774705667	0.2219375347	0.2959962905	0.1774724616	0.2995001139	0.4467081168	0.1774709812	0.290362638	0.4084866916
0.1911223283	0.3224523115	0.3968707453	0.191122137	0.2958810824	0.3398688082	0.1911241776	0.4564219972	0.52889187	0.1911225834	0.444160754	0.4719613952
0.2047739378	0.372395581	0.4408878574	0.2047737328	0.3371062888	0.3808872438	0.2047759191	0.4688773159	0.6144622044	0.2047742111	0.3667240719	0.5423347236
0.2184255217	0.5085311962	0.5062131788	0.2184253031	0.3358484145	0.4184368105	0.2184276352	0.5739875075	0.6873804283	0.2184258132	0.5148413068	0.633424313
0.2320771312	0.4831622076	0.5855334428	0.2320768989	0.3813949113	0.4662087077	0.2320793767	0.7634350146	0.7608486919	0.2320774409	0.5985261174	0.7342802254
0.2457287151	0.4972443464	0.6809109145	0.2457284692	0.4611037826	0.5272540853	0.2457310927	0.7252776155	0.8412831913	0.2457290431	0.6942836509	0.8408927199
0.2593803502	0.5590289594	0.7859061615	0.2593800906	0.4953514301	0.6302136964	0.2593828599	0.9119752887	0.9189838818	0.2593806964	0.6996674977	0.9438252551
0.2730319341	0.7965152171	0.8960632679	0.2730316608	0.5560104329	0.7372665569	0.2730345759	1.0301232722	1.029507067	0.2730322985	0.8054853669	1.0479410055
0.286683518	0.7916853166	1.0045718411	0.2866832311	0.7472085161	0.8374276486	0.2866862919	1.1464785992	1.1433304899	0.2866839006	0.9230821272	1.1484963172
0.3003351019	0.9763561475	1.1127230456	0.3003348013	0.8234091914	0.9309819801	0.3003380079	1.0453712596	1.2633322647	0.3003355028	1.0850775091	1.2464073826
0.3139866858	0.9761607736	1.22308402	0.3139863716	0.9009478094	1.0160060439	0.3139897239	1.3645209368	1.3800178123	0.3139871049	1.1756537557	1.3435397644
0.3276382698	1.2605259723	1.3340545999	0.3276379418	0.9332574018	1.0908985162	0.3276414399	1.4184903816	1.5073567798	0.327638707	1.1927228198	1.4459178673
0.3412898537	1.135014617	1.4463695097	0.3412895121	1.0137393334	1.1618620287	0.3412931559	1.4243707588	1.6329708775	0.3412903092	1.4970929069	1.5538978549
0.3549414376	1.270362731	1.5680563539	0.3549410823	1.2419390159	1.2407977839	0.3549448719	1.5082609112	1.7647297491	0.3549419113	1.2785749399	1.6667737956
0.3685930215	1.5145825843	1.6961846293	0.3685926526	1.2598242899	1.3824046241	0.3685965879	1.6242259211	1.8897862121	0.3685935134	1.4276453266	1.7786152224
0.3822446054	1.6311367642	1.8261972851	0.3822442228	1.468949683	1.5285152378	0.3822483039	1.8765689246	2.0145856435	0.3822451155	1.640038062	1.8918837027
0.3958961893	1.948190669	1.9519155203	0.3958957931	1.4170209359	1.6735509738	0.3959000199	2.0806230982	2.1377997136	0.3958967177	1.8942665975	2.0044566444
0.4095477732	2.0950714516	2.0903155478	0.4095473633	1.6503638107	1.8097958172	0.409551736	2.1403924548	2.2785079216	0.4095483198	1.8843575813	2.1217120806
0.4231993571	2.1062698227	2.21796973	0.4231989336	1.7334908011	1.9369028013	0.423203452	2.1224602867	2.422518366	0.4231999219	2.0274000131	2.2433122353
0.4368509411	2.1250265236	2.3416744683	0.4368505038	1.9717238522	2.0645885965	0.436855168	2.2899811807	2.5619378183	0.4368515241	2.0873316872	2.3651570279
0.450502525	2.2008944764	2.4741998978	0.4505020741	2.1431282315	2.2117045346	0.450506884	2.6266546943	2.6952968415	0.4505031262	2.2827033964	2.4881590529
0.4641543647	2.3320636695	2.6069239988	0.4641539002	2.0815036041	2.3563069617	0.4641588558	2.7690920104	2.8231566678	0.4641549842	2.4502663701	2.6147155207
0.4778059487	2.614013918	2.7357933945	0.4778054704	2.5089230203	2.5035719996	0.4778105718	2.6488399176	2.9507102946	0.4778065863	2.5147328213	2.740384577
0.4914575326	2.6437435893	2.8600421807	0.4914570406	2.3207126886	2.6487224585	0.4914622878	2.9802447508	3.0882853554	0.4914581885	2.710987627	2.8648812108
0.5051091165	2.7471780874	2.9810942358	0.5051086109	2.5649116345	2.7852323239	0.5051140038	2.8995636055	3.2238325449	0.5051097906	2.8685827381	2.9816529678
0.5187607004	2.9050026143	3.1072537854	0.5187601811	2.5884040971	2.904074462	0.5187657198	2.9758583874	3.3573450675	0.5187613927	2.9703325984	3.1248683873
0.5324122843	3.2457644287	3.2392403636	0.5324117514	2.8319656987	3.0341290653	0.5324174358	3.1037739059	3.4879994628	0.5324129949	3.1661302435	3.2664305033
0.5460638682	3.1429408746	3.3733215863	0.5460633216	3.1779399607	3.1715687058	0.5460691518	3.5211770042	3.6168990078	0.546064597	3.2153090358	3.4004496218
0.5597154521	3.2888347785	3.5064594195	0.5597148919	3.1371811527	3.3116825493	0.5597208678	3.5487874349	3.7466619871	0.5597161991	3.2877341647	3.5296159587
0.573367036	3.5306981336	3.6379183393	0.5733664621	3.2912687435	3.4461521857	0.5733725838	3.5795324121	3.875949278	0.5733678012	3.4833084337	3.6689515513
0.58701862	3.5816955417	3.7670987337	0.5870180324	3.281984815	3.5798223594	0.5870242999	3.8476382213	4.0066316549	0.5870194034	3.7399388638	3.8158341388
0.6006702039	3.5255695671	3.8924136299	0.6006696026	3.3555196138	3.7166863868	0.6006760159	4.146240806	4.1386931283	0.6006710055	3.8835961807	3.9593989266
0.6143217878	3.6887348495	4.014726469	0.6143211729	3.6754848641	3.8447363372	0.6143277319	4.1002834703	4.2664534197	0.6143226076	3.8032528058	4.0973994047
0.6279733717	3.9189798597	4.1322224257	0.6279727431	3.6070944587	3.9652793323	0.6279794479	4.1985032641	4.3880177708	0.6279742098	4.0322894699	4.2312626266
0.6416249556	3.9537468162	4.2456410211	0.6416243134	3.8521517376	4.0839435899	0.6416311639	4.5084150364	4.5003361797	0.6416258119	4.1973276521	4.3639586226
0.6552765395	4.1527039676	4.3541707807	0.6552758836	4.0973971772	4.2076004925	0.6552828799	4.5357492427	4.5996231269	0.655277414	4.2142930344	4.4965946584
0.6689281234	4.258606263	4.4538382759	0.6689274539	4.2074791872	4.3406231013	0.6689345959	4.600189594	4.6843995814	0.6689290162	4.5467632869	4.6259928416
0.6825797073	4.4808321329	4.5741444137	0.6825790241	4.3166404109	4.4770993892	0.6825863119	4.6738774581	4.78498168	0.6825806183	4.6841516588	4.7549952871
0.6962312913	4.5545657854	4.6997351314	0.6962305944	4.5473053988	4.6065444022	0.6962380279	4.7290863097	4.9055266989	0.6962322204	4.9019154309	4.8933515293
0.7098828752	4.7442506808	4.8225916187	0.7098821646	4.6827850985	4.7277349621	0.7098897439	4.8681592926	5.0195320026	0.7098838226	5.0324664095	5.0237130735
0.7235344591	4.7078542735	4.9393200721	0.7235337349	4.570577273	4.8420381504	0.7235414599	5.0060553193	5.1255825183	0.7235354247	4.9240168645	5.1420226106
0.737186043	5.0237195199	5.0604216951	0.7371853051	4.7226271236	4.952040229	0.7371931759	5.1176139496	5.2232745105	0.7371870268	5.0600001281	5.2427717938
0.7508376269	4.9556669258	5.1862722446	0.7508368754	4.8701210834	5.0531203032	0.7508448919	5.2085478243	5.3296168351	0.750838629	5.2776918433	5.3307894205
0.7644894667	4.9753284324	5.3062146179	0.7644887015	4.9589169151	5.1506907358	0.7644968637	5.3623327591	5.445828693	0.7644904869	5.3867778904	5.4521369428
0.7781410506	5.2043883874	5.4327447276	0.7781402717	5.1785965214	5.2531298967	0.7781485798	5.319734152	5.5603736432	0.7781420891	5.4966965943	5.5684957736
0.7917926345	5.3400651941	5.5538463506	0.791791842	5.1161191658	5.3882590899	0.7918002958	5.5269665076	5.6738472953	0.7917936912	5.4606681751	5.6795061515
0.8054442184	5.6470785588	5.6835464088	0.8054434122	5.3598192857	5.5155375588	0.8054520118	5.7478579598	5.7865334633	0.8054452933	5.5080055148	5.7872986635
0.8190958023	5.6322493548	5.8103123658	0.8190949825	5.5590774521	5.6370598958	0.8191037278	5.7666011868	5.9000830656	0.8190968955	5.5987530964	5.8985169036
0.8327473862	5.7960752254	5.9273766019	0.8327465527	5.398095974	5.7510113204	0.8327554438	5.8055248084	6.0136166784	0.8327484976	5.8401755305	6.002064231
0.8463989701	5.9803833333	6.0356425322	0.846398123	5.8739503536	5.8634677497	0.8464071598	5.871890724	6.1256152969	0.8464000997	5.8892662532	6.0938553551
0.8600505541	6.0493006973	6.1490371432	0.8600496932	5.7813112398	5.9940400051	0.8600588758	6.0873937987	6.237106248	0.8600517019	5.9910505407	6.173466557
0.873702138	6.1669854839	6.2648581838	0.8737012635	6.0252035238	6.1173971091	0.8737105918	6.2147612721	6.3461547994	0.873703304	6.0672786694	6.2825502127
0.8873537219	6.2067849213	6.3925715277	0.8873528337	6.1443933119	6.2301973074	0.8873623078	6.290018411	6.4525011213	0.8873549061	6.2795300933	6.4042574964
0.9010053058	6.2248770305	6.5194094382	0.901004404	6.2713897669	6.330453935	0.9010140238	6.4452365101	6.5562731299	0.9010065083	6.2114083589	6.5191572949
0.9146568897	6.3706228025	6.6291983828	0.9146559742	6.0964483669	6.4181549998	0.9146657398	6.4705610838	6.6582782961	0.9146581104	6.5588344086	6.6269418122
0.9283084736	6.5172493588	6.7210069643	0.9283075444	6.3071443012	6.5264542228	0.9283174558	6.6164916378	6.7596638682	0.9283097125	6.5370252055	6.7355218019
0.9419600575	6.8079041579	6.8120840192	0.9419591147	6.4176466703	6.6259633526	0.9419691718	6.5693533427	6.8622446573	0.9419613147	6.6188737676	6.8641924676
0.9556116414	6.7775411226	6.9111558999	0.9556106849	6.6243632062	6.7174778549	0.9556208878	6.8573593187	6.9657728256	0.9556129168	6.9406595923	6.9898611241
0.9692632254	6.8908099772	7.0220561253	0.9692622552	6.6098508126	6.8122341786	0.9692726038	6.9118555915	7.0671144266	0.9692645189	6.8425622131	7.1099215001
0.9829148093	7.0072376444	7.1282673854	0.9829138254	6.6454532171	6.9220883566	0.9829243198	7.0631825295	7.1655019631	0.9829161211	6.9639699795	7.2222749872
0.9965663932	7.1469700621	7.2314086323	0.9965653957	6.8856343317	7.029004509	0.9965760358	7.1706858652	7.262434453	0.9965677232	6.9546946632	7.3262740151
1.0102179771	7.2655116115	7.3306324147	1.0102169659	7.0303939564	7.1296288894	1.0102277518	7.1947454112	7.3550777531	1.0102193253	7.1616058747	7.4240851467
1.023869561	7.2525600795	7.424607594	1.0238685362	7.1380579015	7.2246370439	1.0238794678	7.4537157987	7.4413172489	1.0238709275	7.3482250799	7.5191580944
1.0375211449	7.3707012724	7.5137059295	1.0375201064	7.0487256117	7.3134253782	1.0375311838	7.4494323188	7.5413557037	1.0375225296	7.4144733366	7.611584797
1.0511727288	7.4528143859	7.6122381595	1.0511716767	7.1729557042	7.4006587573	1.0511828998	7.6148907372	7.653530207	1.0511741317	7.4747328693	7.7026843797
1.0648245686	7.4463486288	7.7200363925	1.0648235028	7.5034099121	7.4904424227	1.0648348717	7.6405716004	7.7642656531	1.0648259897	7.6378895673	7.80185461
1.0784761525	7.6853454316	7.8225100715	1.078475073	7.4595684715	7.5889642161	1.0784865877	7.6588744696	7.8736299976	1.0784775918	7.6265966594	7.904606465
1.0921277364	7.7867877558	7.9190915639	1.0921266433	7.6716856195	7.6926065684	1.0921383037	7.8625559405	7.9787371314	1.092129194	7.8552009825	8.006099155
1.1057793203	7.8825169931	8.0101566266	1.1057782135	7.6780590624	7.7970443862	1.1057900197	7.978342005	8.0789994396	1.1057807961	7.8676347903	8.1086311558
1.1194309043	7.8277242056	8.0958131897	1.1194297838	7.7865156844	7.9014022577	1.1194417357	7.9159032798	8.175340317	1.1194323982	8.0559433281	8.2101358379
1.1330824882	8.0628415541	8.1801146298	1.133081354	7.7504689004	8.0102690992	1.1330934517	8.0668459056	8.2674399733	1.1330840004	8.107576056	8.3090342485
1.1467340721	8.0486329027	8.2612820982	1.1467329243	7.9433816479	8.1218581114	1.1467451677	8.1969035645	8.3576008999	1.1467356025	8.2526544939	8.4055022709
1.160385656	8.2426776802	8.3533505116	1.1603844945	8.0443799004	8.2314164881	1.1603968837	8.2582894343	8.4512235583	1.1603872046	8.2952280759	8.4984606209
1.1740372399	8.3636774184	8.4534697144	1.1740360648	8.2313795982	8.3377770139	1.1740485997	8.2240095854	8.5569143097	1.1740388068	8.4308510553	8.5871058314
1.1876888238	8.2856439374	8.549791375	1.187687635	8.1821015147	8.4420149659	1.1877003157	8.3688592613	8.6607422817	1.1876904089	8.5108261397	8.682774384
1.2013404077	8.5669704305	8.6427831907	1.2013392053	8.2619376948	8.5417439481	1.2013520317	8.6660847272	8.7659973186	1.201342011	8.5666221516	8.7789026318
1.2149919916	8.4862225325	8.7328968692	1.2149907755	8.2970076445	8.6363723578	1.2150037477	8.5583652159	8.8713962612	1.2149936132	8.7241824351	8.8686990788
1.2286435756	8.6599452152	8.8171303532	1.2286423458	8.1160451025	8.7259041924	1.2286554637	8.6725539829	8.9755160419	1.2286452153	8.8046058731	8.9504528597
1.2422951595	8.8436607956	8.896171198	1.242293916	8.3206318196	8.8106792236	1.2423071797	8.7698610351	9.0766497791	1.2422968174	8.8991444451	9.0461573884
1.2559467434	8.8569286092	8.9715584074	1.2559454863	8.3832973359	8.8884269771	1.2559588957	8.7659378479	9.1742298446	1.2559484195	9.0413005779	9.1453476055
1.2695983273	9.0056690477	9.0459302739	1.2695970565	8.4397495461	8.9572966966	1.2696106117	8.883413285	9.2685200657	1.2696000217	9.0835338915	9.242527156
1.2832499112	8.8725705368	9.1206099413	1.2832486268	8.6065760159	9.0135708804	1.2832623277	9.000952774	9.3587769294	1.2832516238	9.1922756671	9.3337266725
1.2969014951	8.9994314938	9.1971564004	1.296900197	8.4523402986	9.0812174219	1.2969140437	9.1268350408	9.445979794	1.2969032259	9.303871694	9.4329168895
1.310553079	9.196118624	9.2742425103	1.3105517673	8.8627547926	9.1522816667	1.3105657597	9.2817769156	9.5290093931	1.3105548281	9.3046362971	9.529065124
1.3242046629	9.3298777231	9.3499295256	1.3242033375	8.8658694525	9.2256123885	1.3242174757	9.4184199244	9.6073940354	1.3242064302	9.3565132176	9.6186457142
1.3378562469	9.2882966994	9.4239376276	1.3378549078	9.0876348402	9.2977079403	1.3378691917	9.4555460856	9.6819571817	1.3378580323	9.4714879097	9.7201823751
1.3515078308	9.2856223181	9.4934686271	1.351506478	8.8174120699	9.3651786	1.3515209077	9.6586350751	9.7520712429	1.3515096345	9.6413859252	9.8231900604
1.3651594147	9.4461092157	9.5584785527	1.3651580483	9.2614873102	9.4266972594	1.3651726237	9.6943841177	9.8297003803	1.3651612366	9.710000048	9.9249665622
1.3788112545	9.4630122661	9.6253752571	1.3788098744	9.3511919179	9.505056602	1.3788245956	9.8621604191	9.9097479332	1.3788130946	9.804434538	10.0206590989
1.3924628384	9.4827218155	9.7090491034	1.3924614446	9.5370346276	9.5811694541	1.3924763116	9.8973730259	9.9860259558	1.3924646967	9.9544008314	10.1089005771
1.4061144223	9.5856574694	9.7809665584	1.4061130149	9.5175660014	9.6579898308	1.4061280276	9.8491618591	10.061008827	1.4061162989	10.0513252854	10.1895830685
1.4197660062	9.7058885231	9.8488106498	1.4197645851	9.1824638241	9.7335870295	1.4197797436	10.0616664979	10.1337491675	1.419767901	10.040120447	10.260416092
1.4334175901	9.8186929642	9.9359422582	1.4334161554	9.545974262	9.807245531	1.4334314596	10.1450142095	10.2029478286	1.4334195031	10.1968480738	10.324793397
1.447069174	9.9051979883	10.0137359101	1.4470677256	9.6046643834	9.8777221707	1.4470831756	10.1807072065	10.2721544844	1.4470711052	10.312235091	10.4070468465
1.4607207579	9.7481221279	10.084238281	1.4607192958	9.5732375449	9.9458443926	1.4607348916	10.2816812378	10.3464817851	1.4607227074	10.3653890189	10.4859185388
1.4743723418	9.9277420615	10.1510710268	1.4743708661	9.758759981	10.0096974833	1.4743866076	10.3523546529	10.4162400795	1.4743743095	10.5098629799	10.5786090665
1.4880239258	10.0698245718	10.2165766316	1.4880224363	9.9350785571	10.0697571232	1.4880383236	10.407331316	10.4833401156	1.4880259116	10.571451561	10.6718672177
1.5016755097	9.9993458175	10.2786964277	1.5016740066	9.9732351428	10.1295689297	1.5016900396	10.4017427758	10.5459550902	1.5016775138	10.663604251	10.7592812447
1.5153270936	10.3293876868	10.336103274	1.5153255768	10.0912959668	10.1896325669	1.5153417556	10.3085991059	10.618719415	1.5153291159	10.670001297	10.8403394869
1.5289786775	10.3163480763	10.3885173516	1.5289771471	9.7975891411	10.2523384286	1.5289934716	10.5319885875	10.6948415398	1.528980718	10.6941243253	10.9151258885
1.5426302614	10.4051271252	10.4620177821	1.5426287173	10.1643903894	10.3184579962	1.5426451876	10.4834011151	10.7668463623	1.5426323202	10.6899170065	10.9831167969
1.5562818453	10.4817593585	10.5292023003	1.5562802876	10.2589311272	10.3875715519	1.5562969036	10.6805853075	10.8346619295	1.5562839223	10.7953441675	11.0366892677
1.5699334292	10.3496737495	10.6015594707	1.5699318578	10.33951995	10.4575805059	1.5699486197	10.8717566151	10.9078779584	1.5699355244	10.6470031561	11.1103004487
1.5835850131	10.4668180548	10.678097935	1.5835834281	10.4693468222	10.5262743436	1.5836003357	10.939903978	10.9768167896	1.5835871266	11.0985593436	11.1798143471
1.5972365971	10.3105349003	10.752793592	1.5972349983	10.5458561612	10.5949561894	1.5972520517	10.8389699792	11.0397395626	1.5972387287	10.9549220425	11.2474654809
1.610888181	10.5160859229	10.8257863511	1.6108865686	10.3660986482	10.6624908062	1.6109037677	10.967630503	11.097093984	1.6108903308	10.9951297584	11.3161958989
1.6245397649	10.6235816371	10.8946657723	1.6245381388	10.552457799	10.7306689904	1.6245554837	10.8293061283	11.1475169469	1.624541933	11.3003505165	11.3955712571
1.6381913488	10.6287062	10.9595397859	1.6381897091	10.419632366	10.7993148604	1.6382071997	11.1371201964	11.1889418053	1.6381935351	11.1664569012	11.4682790373
1.6518429327	10.6955296996	11.0202165159	1.6518412793	10.5396508618	10.8679287519	1.6518589157	10.9997285795	11.2250101733	1.6518451372	11.4441399376	11.5350907278
1.6654945166	10.6269566422	11.0782309689	1.6654928496	10.726062057	10.9320576573	1.6655106317	11.1220079192	11.2630652397	1.6654967394	11.17879063	11.594051625
1.6791463564	10.7559915349	11.1323399496	1.6791446757	10.6886260867	10.9876363084	1.6791626035	11.1534814884	11.3056373464	1.6791485973	11.4466098859	11.6492909902
1.6927979403	10.8471887369	11.1842983221	1.6927962459	10.6586444824	11.0506459659	1.6928143195	11.3139238317	11.3495325862	1.6928001995	11.2395425512	11.7016082934
1.7064495242	11.1779712656	11.2333385833	1.7064478162	10.8726072066	11.1101180007	1.7064660355	11.358524065	11.3938435537	1.7064518016	11.738680271	11.7592980335
1.7201011081	11.1772706418	11.280815856	1.7200993864	10.7062251162	11.1691063605	1.7201177515	11.3680397955	11.4353283729	1.7201034037	11.7914619052	11.8106319889
1.733752692	11.1815544561	11.3279653408	1.7337509567	10.8847776001	11.2269115155	1.7337694675	11.3296886391	11.4952970814	1.7337550059	11.8377143891	11.8589919166
1.747404276	11.2813913509	11.3752507377	1.7474025269	11.0405266097	11.2827220108	1.7474211836	11.4548983594	11.5570925929	1.747406608	11.350578136	11.9057249232
1.7610558599	11.370618799	11.4224681786	1.7610540972	11.0710326619	11.3354305906	1.7610728996	11.3865108014	11.6183644476	1.7610582101	11.9214804638	11.9509709161
1.7747074438	10.4284558971	11.4692578963	1.7747056674	11.096482396	11.3845815612	1.7747246156	11.5475416228	11.6773338109	1.7747098123	11.5163248771	11.9932628681
1.7883590277	11.4593097694	11.5151881702	1.7883572377	11.3011371711	11.431965719	1.7883763316	11.2315529136	11.7320259766	1.7883614144	11.7785597279	12.0336241005
1.8020106116	11.3188607136	11.5595834376	1.8020088079	11.1536712352	11.4779748009	1.8020280476	11.4908115353	11.7905196515	1.8020130165	11.6007955075	12.0686608641
1.8156621955	10.557718993	11.6006128833	1.8156603782	10.9698022111	11.5214295993	1.8156797636	11.537577528	11.8488894077	1.8156646187	11.7660578664	12.0978854823
1.8293137794	10.887064242	11.6370373095	1.8293119484	11.1159950598	11.5622141921	1.8293314796	11.2526620627	11.8989126324	1.8293162208	12.0637326723	12.1296324278
1.8429653633	11.3065977947	11.6700759269	1.8429635187	11.1551004558	11.600912187	1.8429831956	11.489030088	11.9430237309	1.8429678229	11.8752119672	12.1728077939
1.8566169473	11.4249031338	11.7057328497	1.8566150889	11.2286632784	11.6370239199	1.8566349116	11.9303245957	11.9816983912	1.8566194251	12.0681081237	12.2142323211
1.8702685312	11.5777632404	11.7416735889	1.8702666592	11.1242140788	11.6712369288	1.8702866276	11.7980091026	12.0136574516	1.8702710272	12.0976514274	12.2536901527
1.8839201151	11.6128905177	11.7738047935	1.8839182294	11.3262906522	11.7028836622	1.8839383436	11.5962491928	12.0400921316	1.8839226293	12.3127330839	12.2934158066
1.897571699	11.8157111092	11.8008872658	1.8975697996	11.310577233	11.7321999616	1.8975900596	11.5523895613	12.0621256952	1.8975742315	12.3570320269	12.3376504702
1.9112232829	11.1465192607	11.8328865558	1.9112213699	11.7681840292	11.7587021522	1.9112417756	11.9693122693	12.0803737391	1.9112258336	12.1627507778	12.376984384
1.9248748668	11.2590674737	11.8686953803	1.9248729401	11.6810135856	11.7832136804	1.9248934916	11.5384862662	12.0943166038	1.9248774357	11.9828648838	12.4125008294
1.9385264507	11.6492949322	11.9011623677	1.9385245104	11.8121095415	11.8165872534	1.9385452076	12.0689652274	12.105201472	1.9385290378	12.1285117701	12.4420652223
1.9521780346	11.7795789371	11.9282368451	1.9521760806	11.8222461983	11.8459914937	1.9521969236	11.4401343652	12.1152109138	1.95218064	12.2464608083	12.46601334
1.9658296186	11.6798541421	11.9506463417	1.9658276509	11.8296765438	11.8729413834	1.9658486396	11.5529420101	12.1209631449	1.9658322421	12.2718288186	12.4855883578
1.9794814583	11.6926655494	11.9692503012	1.979479477	11.8352372926	11.89711314	1.9795006115	12.087908617	12.1241210759	1.9794841001	12.1344564593	12.5014778199
1.9931330422	11.8172004353	11.9843964986	1.9931310472	11.5221979571	11.9162163026	1.9931523275	11.6437237612	12.1247686516	1.9931357022	11.8725458642	12.5144891908
2.0067846261	11.8554905288	11.996308789	2.0067826175	10.6049786518	11.9328811039	2.0068040435	11.599631941	12.124804628	2.0067873044	12.2002043212	12.547471317
2.0204362101	11.8650710593	12.0051470688	2.0204341877	11.8405938672	11.9472794282	2.0204557595	12.0963114434	12.1330592196	2.0204389065	12.3690495063	12.5860097583
2.034087794	11.8731062138	12.0115829035	2.034085758	11.7356842744	11.9602147357	2.0341074755	12.1197264658	12.1563559556	2.0340905086	12.0748814665	12.6169492393
2.0477393779	11.8832832754	12.0166636153	2.0477373282	11.6501031881	11.9676497394	2.0477591915	12.1430454101	12.1795847361	2.0477421108	12.0037453543	12.635824721
2.0613909618	11.7019057769	12.0203732145	2.0613888985	11.3850528351	11.9691567267	2.0614109075	11.7186926659	12.2011625983	2.0613937129	12.3710190598	12.6497954557
2.0750425457	11.7307474575	12.0224878459	2.0750404687	11.4070556255	11.9691567267	2.0750626235	11.7286967933	12.2218290576	2.075045315	12.5774138641	12.6598967565
2.0886941296	11.8443085724	12.0231514164	2.088692039	11.8489970435	11.9776989863	2.0887143395	11.6667704843	12.2414761848	2.0886969172	12.6690021089	12.6677275631
2.1023457135	11.8443085724	12.0239429042	2.1023436092	11.3599473951	12.0195468645	2.1023660555	11.667018686	12.2605476892	2.1023485193	12.6867200848	12.6726722837
2.1159972974	12.0463845008	12.0263373545	2.1159951795	11.8480282161	12.0578651146	2.1160177715	11.8826338517	12.2805505833	2.1160001214	12.7057110649	12.6858235618
2.1296488814	11.9514519728	12.0318777687	2.1296467497	11.8097595346	12.092377922	2.1296694875	11.783048949	12.3001337524	2.1296517235	12.6446108691	12.7041234253
2.1433004653	12.0549361151	12.0348758284	2.14329832	11.8855442548	12.1233730933	2.1433212035	11.88271792	12.3164390691	2.1433033257	12.6502873467	12.7198410014
2.1569520492	12.0561692131	12.0361070315	2.1569498902	11.7399278984	12.1502830098	2.1569729195	11.6994690487	12.3283352747	2.1569549278	12.3830245297	12.7343913517
2.1706036331	12.0578827388	12.0378179242	2.1706014605	11.7402842027	12.1723321928	2.1706246355	11.8252031951	12.3362420942	2.1706065299	12.6525131023	12.7471349001
2.184255217	12.0591278474	12.0390611196	2.1842530307	12.0198309356	12.1872581625	2.1842763515	11.8833704502	12.3407791215	2.1842581321	12.4046656002	12.7576319385
2.1979068009	12.059968596	12.0399005763	2.197904601	12.0241866554	12.1959483227	2.1979280675	11.8552716227	12.3428177858	2.1979097342	12.3377968542	12.7640556783
2.2115583848	12.060272867	12.0402043797	2.2115561712	12.02549177	12.2037550766	2.2115797835	11.8588225074	12.3430776155	2.2115613363	12.422303513	12.7689524307
2.2252099687	12.0604650381	12.0403962555	2.2252077415	11.8480322195	12.2094832273	2.2252314995	11.8602396587	12.3430776155	2.2252129385	12.3822719361	12.773525398
2.2388615527	12.0620024069	12.0419312621	2.2388593117	11.8520516521	12.21151786	2.2388832155	11.8585823123	12.3430776155	2.2388645406	12.7942248846	12.7742089446
2.2525131366	11.5291999997	12.0459166827	2.252510882	11.8589375327	12.2115258546	2.2525349315	11.8838588469	12.3430976025	2.2525161427	12.7940767678	12.7839304973
2.2661647205	12.0698133618	12.0497302146	2.2661624522	11.8694505107	12.2115898116	2.2661866475	11.8481738564	12.3430976025	2.2661677449	12.7116477477	12.8013069732
2.2798165603	11.9604920221	12.0529041604	2.2798142783	11.8480922708	12.2115858143	2.2798386194	11.8459160222	12.3430976025	2.2798196029	12.3875881295	12.8182837142
2.2934681442	11.9603839258	12.0538995162	2.2934658486	11.9140926351	12.2114738895	2.2934903354	11.8460601393	12.3430976025	2.293471205	12.6530855539	12.8342451286
2.3071197281	11.9597513626	12.0538995162	2.3071174188	11.9139605223	12.2112180615	2.3071420514	11.8489504874	12.3430976025	2.3071228071	12.5579505114	12.8482758235
2.320771312	11.7313640065	12.0538995162	2.3207689891	11.9139324984	12.2112060695	2.3207937674	11.8510521948	12.3431415736	2.3207744092	12.6543665643	12.8556989005
2.3344228959	12.0744254684	12.0543352342	2.3344205593	11.9139284949	12.2110941447	2.3344454834	11.8552395966	12.3431375763	2.3344260114	12.7136613361	12.8600839923
2.3480744798	12.0154489558	12.0545590894	2.3480721296	11.9139084778	12.2110541716	2.3480971994	11.8636224068	12.3431375763	2.3480776135	12.7146421097	12.8689501123
2.3617260637	12.0154089201	12.0545430997	2.3617236998	11.914072618	12.2109742253	2.3617489154	11.8719771943	12.3431415736	2.3617292156	12.6575170494	12.8750260827
2.3753776476	12.0193644421	12.0545590894	2.37537527	11.847836052	12.210906271	2.3754006314	11.8804881085	12.3431415736	2.3753808178	12.7167797959	12.8810540849
2.3890292316	11.8448050144	12.0547029962	2.3890268403	12.0316930659	12.2108782898	2.3890523474	11.8899798196	12.3550257871	2.3890324199	12.717035998	12.9034112577
2.4026808155	12.0397465904	12.0555424529	2.4026784105	12.0339910283	12.2106624348	2.4027040634	11.9011609031	12.3730619698	2.402684022	12.7171200643	12.92703559
2.4163323994	12.0757346341	12.0556423882	2.4163299808	11.9549995696	12.2107223946	2.4163557794	11.914411668	12.3895031975	2.4163356242	12.7171160611	12.94886911
2.4299839833	12.0757466448	12.0556543805	2.429981551	12.0334345531	12.2108782898	2.4300074954	11.9235270734	12.4044294178	2.4299872263	12.7171520896	12.9688838362
2.4436355672	12.0757466448	12.0556543805	2.4436331213	12.0823122947	12.2108902817	2.4436592114	11.9298602184	12.4171091101	2.4436388284	12.7171560927	12.9873316017
2.4572871511	12.0757666626	12.0556743675	2.4572846915	12.0869202299	12.2108902817	2.4573109274	11.9355128106	12.4272184864	2.4572904306	12.7001146504	12.9992077254
2.470938735	12.0757706662	12.055678365	2.4709362618	12.090026883	12.210894279	2.4709626434	11.941153393	12.4345376909	2.4709420327	12.7183850621	13.0067027547
2.4845903189	12.0759708444	12.0558782356	2.484587832	12.036969572	12.210906271	2.4846143594	11.9474785316	12.4397262913	2.4845936348	12.5497080097	13.0110878465
2.4982419029	12.077151896	12.0570574724	2.4982394023	12.0941103703	12.2107783569	2.4982660754	11.9556451661	12.4435357953	2.498245237	12.669842772	13.0127747278
2.5118934868	12.0776683559	12.0575731387	2.5118909725	12.0934898403	12.2108063381	2.5119177914	11.9660215959	12.447509192	2.5118968391	12.7989446075	13.0126987782
2.5255450707	11.9613287671	12.0579329058	2.5255425428	12.0922647941	12.2108063381	2.5255695074	11.826820509	12.4525938605	2.5255484412	12.8010582748	13.0126987782
2.5391966546	12.016698068	12.0578729446	2.539194113	12.0378943618	12.2359894151	2.5392212234	11.9776990827	12.4594573635	2.5392000434	12.8027235884	13.0126827888
3	12.0166940644	12.0578729446	3	12.0913640249	12.3119543667	3	11.9788039804	12.4679158216	3	12.802891721	13.0126348206

