#t/Tc 	 (Rf-Ro)/Ro 	 (Rfmax-Ro)/Ro 	 H/R 	 H/Rmax 	 Ep/Eo 	 Ek/Eo 	 Ec/Eo 	 Ekx/Eo 	 Eky/Eo 	 t/(d/g)^0.5 	 H/d 	 KE/mgd 	 KEx/mgd 	 KEy/mgd 
0.0136515804825 	 0.0 	 0.0 	 5.99953560341 	 5.9903864603 	 1.0 	 0.00106210558162 	 0.0 	 0.00101423438046 	 0.00101423438046 	 0.00392594201364 	 1.08214337035 	 0.0574701083165 	 0.0548798167638 	 0.0548798167638 
0.0273031660821 	 0.00739151235155 	 0.00625139905983 	 5.94493643118 	 5.94259607146 	 0.996394705044 	 0.00336375262456 	 0.000241542331139 	 0.00315767025578 	 0.00315767025578 	 0.00785188549886 	 1.08022113634 	 0.182011309448 	 0.17086027488 	 0.17086027488 
0.0409547363304 	 0.0152334093316 	 0.0203575197467 	 5.88501354146 	 5.84653029372 	 0.991235380472 	 0.0059351147699 	 0.00282950475826 	 0.00550050723083 	 0.00550050723083 	 0.0117778245694 	 1.07765695416 	 0.32114668692 	 0.297630246768 	 0.297630246768 
0.0546063321641 	 0.0363826708009 	 0.0369499696204 	 5.75037160878 	 5.73846129531 	 0.984970378358 	 0.00812247319001 	 0.00690714845224 	 0.00741405675307 	 0.00741405675307 	 0.0157037709977 	 1.07493752017 	 0.439503776371 	 0.401171646244 	 0.401171646244 
0.0682579024125 	 0.0550882453615 	 0.053479261936 	 5.63524201394 	 5.63524201394 	 0.977818079256 	 0.0110146481276 	 0.0111672726167 	 0.0104505694777 	 0.0104505694777 	 0.0196297100682 	 1.0724289398 	 0.595998205749 	 0.56547613556 	 0.56547613556 
0.0819094982462 	 0.0589247217123 	 0.0732871510345 	 5.59728337941 	 5.51396059845 	 0.969414795551 	 0.0148058672471 	 0.0157793372016 	 0.0139320107423 	 0.0139320107423 	 0.0235556564966 	 1.06907838917 	 0.801139556308 	 0.753855530262 	 0.753855530262 
0.0955610684946 	 0.0924057144802 	 0.0959595152058 	 5.41075874726 	 5.38498909452 	 0.959955053922 	 0.0182201783296 	 0.0218247677481 	 0.0166952252436 	 0.0166952252436 	 0.0274815955671 	 1.06612788272 	 0.985886563695 	 0.903371961997 	 0.903371961997 
0.109212664328 	 0.0896990029485 	 0.12181494036 	 5.43738778605 	 5.27366874975 	 0.949398034004 	 0.0232148439646 	 0.0273871220316 	 0.0220226541267 	 0.0220226541267 	 0.0314075419954 	 1.06872022686 	 1.25614592398 	 1.19163700858 	 1.19163700858 
0.122864234577 	 0.107091856445 	 0.146981628346 	 5.37683619456 	 5.18192599728 	 0.937325285058 	 0.0295204144661 	 0.0331543004759 	 0.0281083322092 	 0.0281083322092 	 0.0353334810659 	 1.0736868405 	 1.59733782241 	 1.52093061614 	 1.52093061614 
0.136515804825 	 0.132027551529 	 0.175818250136 	 5.27974446643 	 5.07536067225 	 0.924039516129 	 0.0361047897407 	 0.0398556941301 	 0.0340546499015 	 0.0340546499015 	 0.0392594201364 	 1.07804544473 	 1.95361573562 	 1.84268348871 	 1.84268348871 
0.150167400659 	 0.177574448579 	 0.209519203096 	 5.08909636224 	 4.94713186134 	 0.909447663504 	 0.0433130614585 	 0.047239275037 	 0.0407080502295 	 0.0407080502295 	 0.0431853665648 	 1.08092662944 	 2.34365243589 	 2.20269631996 	 2.20269631996 
0.163818970907 	 0.186723862178 	 0.252464343961 	 5.05569994157 	 4.78302665111 	 0.893674372085 	 0.0510755158275 	 0.055250112088 	 0.0479945357826 	 0.0479945357826 	 0.0471113056353 	 1.08217658702 	 2.76367573782 	 2.59696513958 	 2.59696513958 
0.177470566741 	 0.221937534655 	 0.295996290493 	 4.90768240322 	 4.62018007703 	 0.876759622309 	 0.0590924843325 	 0.0641478933584 	 0.0550235506629 	 0.0550235506629 	 0.0510372520637 	 1.0816646171 	 3.19747069787 	 2.97730232405 	 2.97730232405 
0.191122136989 	 0.295881082444 	 0.339868808161 	 4.61874439285 	 4.46029935652 	 0.858618413747 	 0.0677877260386 	 0.0735938602139 	 0.0633395829368 	 0.0633395829368 	 0.0549631911342 	 1.07958352078 	 3.66796674961 	 3.42727950506 	 3.42727950506 
0.204773732823 	 0.337106288771 	 0.380887243772 	 4.46098414 	 4.31296167534 	 0.839186912084 	 0.0781883182866 	 0.0826247696295 	 0.0733331474299 	 0.0733331474299 	 0.0588891375625 	 1.07587986254 	 4.23073863726 	 3.96802728364 	 3.96802728364 
0.218425303071 	 0.335848414546 	 0.418436810463 	 4.44414641829 	 4.1790036565 	 0.818464613363 	 0.0885340802172 	 0.0930013064197 	 0.0821840608737 	 0.0821840608737 	 0.062815076633 	 1.0708107105 	 4.79054367836 	 4.44694667087 	 4.44694667087 
0.232076898905 	 0.381394911254 	 0.466208707748 	 4.27141796439 	 4.01819800245 	 0.796923219581 	 0.0979210843233 	 0.105155696096 	 0.089589311851 	 0.089589311851 	 0.0667410230614 	 1.06428291356 	 5.29847071695 	 4.8476418401 	 4.8476418401 
0.245728469153 	 0.46110378263 	 0.527254085255 	 4.00795968917 	 3.82851471497 	 0.774284715495 	 0.108246570459 	 0.117468714046 	 0.0981684086995 	 0.0981684086995 	 0.0706669621319 	 1.05626181087 	 5.85717864291 	 5.31185334005 	 5.31185334005 
0.259380090572 	 0.495351430121 	 0.630213696396 	 3.88043861805 	 3.55399454622 	 0.750778064715 	 0.118469770504 	 0.130752164781 	 0.106176725975 	 0.106176725975 	 0.0745929159181 	 1.04662536728 	 6.41035190936 	 5.74518018553 	 5.74518018553 
0.273031660821 	 0.55601043291 	 0.737266556874 	 3.68887880322 	 3.29896447032 	 0.726705640316 	 0.126680308172 	 0.146614051512 	 0.111089330917 	 0.111089330917 	 0.0785188549886 	 1.03531870308 	 6.85462081942 	 6.01099927455 	 6.01099927455 
0.286683231069 	 0.747208516073 	 0.83742764862 	 3.25643042593 	 3.09181500639 	 0.702592731522 	 0.134825650845 	 0.162581617632 	 0.117464816793 	 0.117464816793 	 0.0824447940591 	 1.02625127541 	 7.2953620544 	 6.35597426591 	 6.35597426591 
0.300334801317 	 0.823409191449 	 0.930981980109 	 3.11689423729 	 2.93876724673 	 0.677571695596 	 0.143338544789 	 0.179089759615 	 0.123030178009 	 0.123030178009 	 0.0863707331296 	 1.02511685406 	 7.75599134164 	 6.65711373587 	 6.65711373587 
0.313986371566 	 0.900947809429 	 1.01600604394 	 2.98364618493 	 2.80907213028 	 0.652313800761 	 0.152053356753 	 0.195632842487 	 0.128145137732 	 0.128145137732 	 0.0902966722001 	 1.02302131571 	 8.22754633219 	 6.93388216116 	 6.93388216116 
0.327637941814 	 0.933257401821 	 1.0908985162 	 2.92639742755 	 2.70163851938 	 0.626915638416 	 0.159007937461 	 0.214076424123 	 0.130461130697 	 0.130461130697 	 0.0942226112706 	 1.02044630201 	 8.60385591339 	 7.05919961443 	 7.05919961443 
0.341289512063 	 1.01373933339 	 1.16186202872 	 2.80217548577 	 2.60620044757 	 0.601599116802 	 0.165118275748 	 0.23328260745 	 0.131651002342 	 0.131651002342 	 0.0981485503411 	 1.01780774338 	 8.93448387473 	 7.1235830933 	 7.1235830933 
0.354941082311 	 1.24193901592 	 1.24079778389 	 2.51072443675 	 2.50817239913 	 0.576834594033 	 0.168959018537 	 0.25420638743 	 0.128632008777 	 0.128632008777 	 0.102074489412 	 1.01528977569 	 9.14230493127 	 6.96022655873 	 6.96022655873 
0.368592652559 	 1.25982428994 	 1.38240462409 	 2.48517734045 	 2.3537142698 	 0.552269805478 	 0.171693815009 	 0.276036379512 	 0.125990779973 	 0.125990779973 	 0.106000428482 	 1.01297616271 	 9.2902836748 	 6.8173107243 	 6.8173107243 
0.382244222808 	 1.46894968303 	 1.52851523776 	 2.27029287495 	 2.21342981844 	 0.529103996347 	 0.171612342264 	 0.299283661389 	 0.118771253257 	 0.118771253257 	 0.109926367553 	 1.01102360044 	 9.28587521714 	 6.4266650206 	 6.4266650206 
0.395895793056 	 1.41702093588 	 1.67355097375 	 2.31514866022 	 2.08981591775 	 0.506413920853 	 0.17391608912 	 0.319669990027 	 0.116585935856 	 0.116585935856 	 0.113852306623 	 1.00931438635 	 9.41053003832 	 6.30841836983 	 6.30841836983 
0.409547363304 	 1.65036381069 	 1.80979581721 	 2.10780678859 	 1.98517472091 	 0.484388394182 	 0.171522806237 	 0.344088799581 	 0.106707995466 	 0.106707995466 	 0.117778245694 	 1.00763550053 	 9.28103045852 	 5.77392696527 	 5.77392696527 
0.423198933553 	 1.73349080114 	 1.93690280132 	 2.04059643014 	 1.89636692445 	 0.463623595246 	 0.173362410424 	 0.36301399433 	 0.103363934048 	 0.103363934048 	 0.121704184764 	 1.00610175709 	 9.38057070548 	 5.59298113914 	 5.59298113914 
0.436850503801 	 1.97172385217 	 2.06458859646 	 1.87456764244 	 1.81499148256 	 0.443289677941 	 0.17255087469 	 0.38415944737 	 0.0976782283491 	 0.0976782283491 	 0.125630123835 	 1.0047933093 	 9.3366588314 	 5.2853298773 	 5.2853298773 
0.45050207405 	 2.14312823151 	 2.21170453455 	 1.77069102331 	 1.73024063131 	 0.424783101914 	 0.166906409318 	 0.408310488768 	 0.0843583752554 	 0.0843583752554 	 0.129556062905 	 1.00385746584 	 9.0312390672 	 4.56459795262 	 4.56459795262 
0.464153900151 	 2.08150360408 	 2.35630696172 	 1.80429845736 	 1.65404221759 	 0.40793201847 	 0.163914982099 	 0.428152999432 	 0.0762022647407 	 0.0762022647407 	 0.133482075554 	 1.00285518906 	 8.86937413654 	 4.12327407406 	 4.12327407406 
0.4778054704 	 2.50892302026 	 2.50357199962 	 1.5829470921 	 1.5829470921 	 0.391716926391 	 0.162558687674 	 0.445724385935 	 0.0708499253558 	 0.0708499253558 	 0.137408014625 	 1.00186085539 	 8.79598558756 	 3.83366113019 	 3.83366113019 
0.491457040648 	 2.32071268864 	 2.64872245851 	 1.67123022772 	 1.51867191006 	 0.376439358828 	 0.160906840368 	 0.462653800804 	 0.0636991885147 	 0.0636991885147 	 0.141333953695 	 1.00100155468 	 8.70660479034 	 3.44673761908 	 3.44673761908 
0.505108610896 	 2.56491163454 	 2.78523232388 	 1.55516522345 	 1.46241277203 	 0.361769393159 	 0.160425193657 	 0.477805413184 	 0.0577557097696 	 0.0577557097696 	 0.145259892766 	 0.999982669566 	 8.68054307944 	 3.12513836081 	 3.12513836081 
0.518760181145 	 2.5884040971 	 2.90407446196 	 1.54301701295 	 1.41609103135 	 0.347929105609 	 0.15916157658 	 0.492909317811 	 0.052791583815 	 0.052791583815 	 0.149185831836 	 0.998709604743 	 8.61216926467 	 2.85653149042 	 2.85653149042 
0.532411751393 	 2.83196569871 	 3.03412906527 	 1.44312738352 	 1.36871711537 	 0.334973091316 	 0.155806075381 	 0.509220833303 	 0.0460285732476 	 0.0460285732476 	 0.153111770907 	 0.997455314558 	 8.43060443654 	 2.49058769294 	 2.49058769294 
0.546063321641 	 3.17793996073 	 3.17156870583 	 1.32199046946 	 1.32199046946 	 0.323288051846 	 0.15350350442 	 0.523208443735 	 0.0409994874776 	 0.0409994874776 	 0.157037709977 	 0.996225575822 	 8.30601324259 	 2.21846587292 	 2.21846587292 
0.55971489189 	 3.1371811527 	 3.31168254933 	 1.3334613881 	 1.27754265769 	 0.312527266072 	 0.151598167686 	 0.535874566242 	 0.035660217329 	 0.035660217329 	 0.160963649048 	 0.995066603025 	 8.20291623382 	 1.92956010019 	 1.92956010019 
0.573366462138 	 3.29126874351 	 3.44615218573 	 1.2836213419 	 1.23701659197 	 0.302508806196 	 0.149881444557 	 0.547609749247 	 0.0312288391343 	 0.0312288391343 	 0.164889588118 	 0.993550190021 	 8.11002503177 	 1.68977999806 	 1.68977999806 
0.587018032387 	 3.28198481503 	 3.57982235937 	 1.28438492794 	 1.19902681708 	 0.293593000131 	 0.147254242504 	 0.559152757365 	 0.0273565823511 	 0.0273565823511 	 0.168815527189 	 0.991990450931 	 7.96786817923 	 1.48025373192 	 1.48025373192 
0.600669602635 	 3.35551961375 	 3.71668638675 	 1.26087963601 	 1.16255580679 	 0.285220793659 	 0.144898067517 	 0.569881138824 	 0.0245830149317 	 0.0245830149317 	 0.172741466259 	 0.990559967996 	 7.84037649283 	 1.33017710792 	 1.33017710792 
0.614321172883 	 3.67548486407 	 3.84473633718 	 1.17251961472 	 1.12983189741 	 0.277326168659 	 0.142788595361 	 0.57988523598 	 0.0216253191086 	 0.0216253191086 	 0.17666740533 	 0.988812482534 	 7.726233798 	 1.17013736963 	 1.17013736963 
0.627972743132 	 3.60709445867 	 3.96527933229 	 1.18768845749 	 1.10033055483 	 0.269942554155 	 0.139137910847 	 0.590919534997 	 0.0188160380694 	 0.0188160380694 	 0.1805933444 	 0.986953793452 	 7.52869671876 	 1.01812829595 	 1.01812829595 
0.64162431338 	 3.85215173758 	 4.08394358991 	 1.12546183917 	 1.07251069317 	 0.263302777414 	 0.136455105746 	 0.60024211684 	 0.0166099341986 	 0.0166099341986 	 0.184519283471 	 0.984991121763 	 7.38353120749 	 0.898756897657 	 0.898756897657 
0.655275883628 	 4.09739717719 	 4.20760049247 	 1.06924503303 	 1.04502158853 	 0.257000818591 	 0.134768804707 	 0.608230376701 	 0.0149068060987 	 0.0149068060987 	 0.188445222541 	 0.983089106594 	 7.29228613261 	 0.806601317205 	 0.806601317205 
0.668927453877 	 4.20747918723 	 4.34062310128 	 1.04449636289 	 1.01690352104 	 0.25119676743 	 0.132315836739 	 0.61648739583 	 0.0136347007372 	 0.0136347007372 	 0.192371161612 	 0.981073721501 	 7.15955701672 	 0.737768204769 	 0.737768204769 
0.682579024125 	 4.31664041091 	 4.47709938921 	 1.02107490446 	 0.989649648408 	 0.245710207997 	 0.129719191165 	 0.624570600837 	 0.012340895068 	 0.012340895068 	 0.196297100682 	 0.979178927347 	 7.01905356304 	 0.667760897364 	 0.667760897364 
0.696230594374 	 4.54730539881 	 4.60654440216 	 0.976390727186 	 0.964600899201 	 0.240611861995 	 0.125314892159 	 0.634073245846 	 0.0113397596571 	 0.0113397596571 	 0.200223039753 	 0.976951244434 	 6.78073870498 	 0.613589860606 	 0.613589860606 
0.709882164622 	 4.68278509847 	 4.72773496211 	 0.951239289234 	 0.942334963598 	 0.235849822045 	 0.12198825079 	 0.642161927165 	 0.0103024721855 	 0.0103024721855 	 0.204148978823 	 0.975030454628 	 6.60073547072 	 0.557462650297 	 0.557462650297 
0.72353373487 	 4.57057727299 	 4.84203815036 	 0.96844310452 	 0.922034415539 	 0.231184709464 	 0.11961391662 	 0.649201373916 	 0.0101815246356 	 0.0101815246356 	 0.208074917894 	 0.973064172432 	 6.47226119819 	 0.550918226737 	 0.550918226737 
0.737185305119 	 4.72262712356 	 4.95204022897 	 0.941075319969 	 0.903423079764 	 0.226928640458 	 0.115949726109 	 0.657121633433 	 0.0089501909234 	 0.0089501909234 	 0.212000856964 	 0.971375177186 	 6.27399331483 	 0.484291251945 	 0.484291251945 
0.750836875367 	 4.87012108341 	 5.05312030316 	 0.915683735065 	 0.886646410843 	 0.222861386639 	 0.113502637617 	 0.663635975744 	 0.0085364252884 	 0.0085364252884 	 0.215926796035 	 0.969526597523 	 6.14158233507 	 0.461902558888 	 0.461902558888 
0.764488701469 	 4.95891691505 	 5.15069073583 	 0.900339747806 	 0.870937658006 	 0.218819330576 	 0.11087761937 	 0.670303050054 	 0.00777825336209 	 0.00777825336209 	 0.219852808684 	 0.967700403005 	 5.99954364737 	 0.420878179126 	 0.420878179126 
0.778140271717 	 5.17859652143 	 5.25312989671 	 0.866690856784 	 0.855054518443 	 0.215195725251 	 0.108148366404 	 0.676655908345 	 0.00735236592652 	 0.00735236592652 	 0.223778747754 	 0.965875652689 	 5.85186486076 	 0.397833580287 	 0.397833580287 
0.791791841965 	 5.11611916577 	 5.38825908989 	 0.873647334204 	 0.835154410946 	 0.211462089724 	 0.106262902301 	 0.682275007975 	 0.0071794942004 	 0.0071794942004 	 0.227704686825 	 0.963783002743 	 5.74984315208 	 0.388479560313 	 0.388479560313 
0.805443412214 	 5.35981928567 	 5.51553755876 	 0.838835777733 	 0.817539367072 	 0.207905006475 	 0.104087109651 	 0.688007883874 	 0.00658117179981 	 0.00658117179981 	 0.231630625895 	 0.96225214771 	 5.63211188182 	 0.356104574469 	 0.356104574469 
0.819094982462 	 5.55907745214 	 5.63705989575 	 0.812536125867 	 0.801764656284 	 0.204717322332 	 0.10152468263 	 0.693757995038 	 0.0057922367729 	 0.0057922367729 	 0.235556564966 	 0.961285975996 	 5.49345998035 	 0.313415615635 	 0.313415615635 
0.832746552711 	 5.39809597396 	 5.75101132039 	 0.832090444124 	 0.787389564844 	 0.201698799125 	 0.0991120310719 	 0.699189169803 	 0.00569078388708 	 0.00569078388708 	 0.239482504036 	 0.960259147761 	 5.36291236929 	 0.307926040551 	 0.307926040551 
0.846398122959 	 5.8739503536 	 5.86346774967 	 0.773679398027 	 0.773679398027 	 0.19878862627 	 0.0971836131936 	 0.704027760536 	 0.00536468124586 	 0.00536468124586 	 0.243408443107 	 0.959256148874 	 5.25856644901 	 0.290280757034 	 0.290280757034 
0.860049693207 	 5.7813112398 	 5.99404000512 	 0.78298462701 	 0.758011870708 	 0.196176290894 	 0.0946252010151 	 0.709198508091 	 0.0049734323258 	 0.0049734323258 	 0.247334382177 	 0.957710129711 	 5.12013178907 	 0.269110434418 	 0.269110434418 
0.873701263456 	 6.02520352381 	 6.11739710914 	 0.754763075699 	 0.743850337958 	 0.193722701381 	 0.0923690947169 	 0.713908203902 	 0.00487184505194 	 0.00487184505194 	 0.251260321248 	 0.956393738803 	 4.99805477942 	 0.263613587652 	 0.263613587652 
0.887352833704 	 6.14439331189 	 6.23019730741 	 0.741043375642 	 0.731132419708 	 0.19121451673 	 0.0904068446513 	 0.718378638619 	 0.00479330532575 	 0.00479330532575 	 0.255186260318 	 0.954940148623 	 4.89187821302 	 0.259363834473 	 0.259363834473 
0.901004403952 	 6.27138976686 	 6.33045393496 	 0.726739874305 	 0.719784932751 	 0.188982667471 	 0.0872598968807 	 0.723757435648 	 0.00439715292233 	 0.00439715292233 	 0.259112199389 	 0.953155113886 	 4.72159812753 	 0.237928186334 	 0.237928186334 
0.914655974201 	 6.09644836691 	 6.41815499984 	 0.743300930781 	 0.709981490313 	 0.186704622327 	 0.0849090470192 	 0.728386330654 	 0.00434890593862 	 0.00434890593862 	 0.263038138459 	 0.951421348351 	 4.59439458156 	 0.235317561338 	 0.235317561338 
0.928307544449 	 6.30714430123 	 6.52645422276 	 0.720946337604 	 0.698871620997 	 0.184578099689 	 0.0829186762577 	 0.732503224053 	 0.0040262184333 	 0.0040262184333 	 0.26696407753 	 0.950206051643 	 4.48669641554 	 0.217857069459 	 0.217857069459 
0.941959114698 	 6.41764667026 	 6.62596335263 	 0.709680013471 	 0.689241167183 	 0.182590500681 	 0.0810570492319 	 0.736352450087 	 0.00402543058346 	 0.00402543058346 	 0.2708900166 	 0.949502002748 	 4.38596452159 	 0.217814439219 	 0.217814439219 
0.955610684946 	 6.62436320618 	 6.71747785488 	 0.689556583667 	 0.680197921339 	 0.180696637326 	 0.0786930965371 	 0.740610266137 	 0.00380950093156 	 0.00380950093156 	 0.274815955671 	 0.948288872345 	 4.25805198655 	 0.206130572098 	 0.206130572098 
0.969262255194 	 6.60985081259 	 6.81223417863 	 0.689930967289 	 0.671032777298 	 0.178993269007 	 0.0755756133428 	 0.74543111765 	 0.00367344144739 	 0.00367344144739 	 0.278741894741 	 0.946997754987 	 4.08936621749 	 0.198768447816 	 0.198768447816 
0.982913825443 	 6.64545321705 	 6.92208835662 	 0.685755218929 	 0.660799766683 	 0.177287884868 	 0.0737203697485 	 0.748991745383 	 0.0036323825436 	 0.0036323825436 	 0.282667833812 	 0.945669810456 	 3.98897972847 	 0.19654676695 	 0.19654676695 
0.996565395691 	 6.88563433172 	 7.02900450897 	 0.663999796926 	 0.651148561187 	 0.175739062788 	 0.0712579946181 	 0.753002942594 	 0.00350982065749 	 0.00350982065749 	 0.286593772882 	 0.944434294908 	 3.85574159479 	 0.189914992302 	 0.189914992302 
1.01021696594 	 7.03039395644 	 7.12962888939 	 0.651091987373 	 0.642163604296 	 0.174433819017 	 0.0689694168114 	 0.756596764171 	 0.00347490664651 	 0.00347490664651 	 0.290519711953 	 0.943075300015 	 3.73190756481 	 0.188025809129 	 0.188025809129 
1.02386853619 	 7.13805790145 	 7.22463704391 	 0.641317763828 	 0.633599038853 	 0.173128071292 	 0.0668053327187 	 0.76006659599 	 0.00373896233288 	 0.00373896233288 	 0.294445651023 	 0.94137186274 	 3.61480983991 	 0.20231375673 	 0.20231375673 
1.03752010644 	 7.04872561167 	 7.31342537815 	 0.647368292776 	 0.625800275321 	 0.171891029448 	 0.0648091664733 	 0.763299804079 	 0.00372668094652 	 0.00372668094652 	 0.298371590094 	 0.93982223307 	 3.50679808258 	 0.201649215825 	 0.201649215825 
1.05117167668 	 7.17295570417 	 7.40065875732 	 0.63664551549 	 0.618444443599 	 0.170693800058 	 0.0625199167265 	 0.766786283215 	 0.00362398161169 	 0.00362398161169 	 0.302297529164 	 0.938521006292 	 3.38292769418 	 0.196092195884 	 0.196092195884 
1.06482350279 	 7.50340991206 	 7.49044242269 	 0.611186622455 	 0.611186622455 	 0.169508833577 	 0.0606155039106 	 0.769875662512 	 0.00368188941511 	 0.00368188941511 	 0.306223541813 	 0.93741980161 	 3.27988067823 	 0.199225563971 	 0.199225563971 
1.07847507303 	 7.45956847147 	 7.58896421605 	 0.613361689964 	 0.603199912132 	 0.16823668286 	 0.0590794486933 	 0.772683868447 	 0.00363252029133 	 0.00363252029133 	 0.310149480884 	 0.93590555491 	 3.19676534464 	 0.196554220425 	 0.196554220425 
1.09212664328 	 7.67168561952 	 7.69260656839 	 0.597500542457 	 0.595153526238 	 0.16709146164 	 0.0570846095297 	 0.775823928831 	 0.00350326588118 	 0.00350326588118 	 0.314075419954 	 0.934563890451 	 3.08882539518 	 0.189560315977 	 0.189560315977 
1.10577821353 	 7.67805906244 	 7.79704438617 	 0.596540420047 	 0.587574446584 	 0.166136500277 	 0.054942749858 	 0.778920749865 	 0.00363220447946 	 0.00363220447946 	 0.318001359025 	 0.933747915835 	 2.97293022481 	 0.196537131971 	 0.196537131971 
1.11942978378 	 7.78651568439 	 7.90140225768 	 0.588487633916 	 0.58000643062 	 0.16522303122 	 0.0532648480718 	 0.781512120709 	 0.00396022550984 	 0.00396022550984 	 0.321927298095 	 0.93265537637 	 2.88213963011 	 0.214286218759 	 0.214286218759 
1.13308135403 	 7.75046890044 	 8.01026909917 	 0.590211867877 	 0.572319716993 	 0.164306504834 	 0.0517344539503 	 0.783959041215 	 0.00404123797584 	 0.00404123797584 	 0.325853237166 	 0.931550561181 	 2.79933061615 	 0.2186697709 	 0.2186697709 
1.14673292428 	 7.94338164793 	 8.12185811135 	 0.576757794315 	 0.564610733494 	 0.163435972753 	 0.0501548738088 	 0.786409153438 	 0.0042165068485 	 0.0042165068485 	 0.329779176236 	 0.930384367371 	 2.71386016632 	 0.228153499514 	 0.228153499514 
1.16038449452 	 8.04437990043 	 8.23141648812 	 0.569597426305 	 0.557205860384 	 0.16275649006 	 0.0481474861627 	 0.789096023777 	 0.00436036755799 	 0.00436036755799 	 0.333705115307 	 0.929210230444 	 2.60524122349 	 0.235937744979 	 0.235937744979 
1.17403606477 	 8.23137959818 	 8.33777701385 	 0.557412937567 	 0.55022125305 	 0.162198527746 	 0.0458513658276 	 0.791950106427 	 0.0043001482804 	 0.0043001482804 	 0.337631054377 	 0.928134299312 	 2.48099907031 	 0.232679303948 	 0.232679303948 
1.18768763502 	 8.18210151469 	 8.44201496594 	 0.55967849178 	 0.543442036502 	 0.161647150445 	 0.0438903084558 	 0.7944625411 	 0.00434186568554 	 0.00434186568554 	 0.341556993448 	 0.92693200043 	 2.37488704009 	 0.234936616059 	 0.234936616059 
1.20133920527 	 8.26193769479 	 8.54174394807 	 0.553990975605 	 0.536925454507 	 0.161140137993 	 0.0422061912231 	 0.796653670784 	 0.00436559525247 	 0.00436559525247 	 0.345482932518 	 0.925489963873 	 2.28376013006 	 0.236220613437 	 0.236220613437 
1.21499077552 	 8.29700764453 	 8.63637235778 	 0.551238940225 	 0.531014903481 	 0.160644447733 	 0.0405630623404 	 0.798792489926 	 0.00429723373993 	 0.00429723373993 	 0.349408871589 	 0.924379371873 	 2.19485108325 	 0.232521599329 	 0.232521599329 
1.22864234577 	 8.11604510252 	 8.72590419238 	 0.561487265405 	 0.525476858835 	 0.160119696061 	 0.0387775661353 	 0.801102737803 	 0.00434216469892 	 0.00434216469892 	 0.353334810659 	 0.923237729511 	 2.09823859756 	 0.234952795553 	 0.234952795553 
1.24229391601 	 8.32063181957 	 8.81067922356 	 0.548398569175 	 0.52021131736 	 0.159647893274 	 0.0367861874636 	 0.803565919262 	 0.00425731713442 	 0.00425731713442 	 0.35726074973 	 0.921953111066 	 1.99048589393 	 0.230361727767 	 0.230361727767 
1.25594548626 	 8.38329733592 	 8.88842697707 	 0.543969868006 	 0.515395138105 	 0.159108106941 	 0.0348074244685 	 0.80608446859 	 0.00420462190683 	 0.00420462190683 	 0.3611866888 	 0.920656216896 	 1.88341581951 	 0.227510410073 	 0.227510410073 
1.26959705651 	 8.43974954611 	 8.95729669662 	 0.54011328619 	 0.511259146438 	 0.158558023125 	 0.0334828288211 	 0.807959148054 	 0.00415822611828 	 0.00415822611828 	 0.365112627871 	 0.91962866656 	 1.8117424787 	 0.224999952507 	 0.224999952507 
1.28324862676 	 8.60657601592 	 9.01357088037 	 0.529927783587 	 0.507613943694 	 0.158019395889 	 0.0317636363117 	 0.810216967799 	 0.00410901993999 	 0.00410901993999 	 0.369038566941 	 0.918232122393 	 1.71871765948 	 0.222337425876 	 0.222337425876 
1.29690019701 	 8.45234029862 	 9.08121742189 	 0.537838189259 	 0.503518242283 	 0.15751414728 	 0.0306765547142 	 0.811809298006 	 0.00416675303898 	 0.00416675303898 	 0.372964506012 	 0.916976388005 	 1.65989610892 	 0.225461340776 	 0.225461340776 
1.31055176726 	 8.86275479259 	 9.15228166672 	 0.514796538213 	 0.499352698821 	 0.156955445831 	 0.0296191896704 	 0.813425364498 	 0.00405515553651 	 0.00405515553651 	 0.376890445082 	 0.915800806876 	 1.60268250922 	 0.219422844542 	 0.219422844542 
1.32420333751 	 8.86586945251 	 9.22561238847 	 0.514144640335 	 0.495300261403 	 0.156396643592 	 0.0285866864127 	 0.815016669996 	 0.0040506300195 	 0.0040506300195 	 0.380816384153 	 0.914929952551 	 1.54681417081 	 0.219177970626 	 0.219177970626 
1.33785490775 	 9.08763484015 	 9.29770794026 	 0.502178584823 	 0.491183961226 	 0.155873487778 	 0.027252582812 	 0.81687392941 	 0.00411707650257 	 0.00411707650257 	 0.384742323223 	 0.91372332106 	 1.47462635844 	 0.222773363255 	 0.222773363255 
1.351506478 	 8.81741206991 	 9.36517859998 	 0.515341581245 	 0.487363075561 	 0.155242250388 	 0.026377414344 	 0.818380335268 	 0.00414885423283 	 0.00414885423283 	 0.388668262294 	 0.912555683047 	 1.4272713426 	 0.224492843533 	 0.224492843533 
1.36515804825 	 9.26148731016 	 9.42669725944 	 0.492386218531 	 0.483845430156 	 0.154639486463 	 0.0251489565357 	 0.820211557001 	 0.00404287079044 	 0.00404287079044 	 0.392594201364 	 0.91134616315 	 1.36079998181 	 0.218758121845 	 0.218758121845 
1.37880987435 	 9.3511919179 	 9.50505660196 	 0.487350652927 	 0.479480249267 	 0.154021150325 	 0.0236972634061 	 0.822281586269 	 0.00401628547781 	 0.00401628547781 	 0.396520214014 	 0.909911347607 	 1.28224944706 	 0.217319601209 	 0.217319601209 
1.3924614446 	 9.53703462757 	 9.58116945413 	 0.477987727246 	 0.475268126646 	 0.153347345526 	 0.0225881925666 	 0.824064461908 	 0.0039846757326 	 0.0039846757326 	 0.400446153084 	 0.908452702717 	 1.22223806742 	 0.215609210535 	 0.215609210535 
1.40611301485 	 9.51756600137 	 9.65798983083 	 0.478121124597 	 0.471102146505 	 0.15267338954 	 0.0216430751274 	 0.825683535333 	 0.00378874637971 	 0.00378874637971 	 0.404372092155 	 0.907027274493 	 1.17109814071 	 0.205007551597 	 0.205007551597 
1.4197645851 	 9.18246382411 	 9.73358702952 	 0.493079063725 	 0.467048264561 	 0.152051777693 	 0.0207356871285 	 0.827212535178 	 0.0036527188127 	 0.0036527188127 	 0.408298031225 	 0.905600402066 	 1.12199973893 	 0.197647154339 	 0.197647154339 
1.43341615535 	 9.54597426202 	 9.807245531 	 0.475258537371 	 0.463061657544 	 0.151428637183 	 0.0200445294747 	 0.828526833343 	 0.00351439992972 	 0.00351439992972 	 0.412223970295 	 0.904031997759 	 1.08460147466 	 0.190162774891 	 0.190162774891 
1.44706772559 	 9.60466438338 	 9.8777221707 	 0.471871741574 	 0.459325062159 	 0.150912183972 	 0.0191850508096 	 0.829902765219 	 0.00306416306241 	 0.00306416306241 	 0.416149909366 	 0.902584906491 	 1.03809542776 	 0.165800638037 	 0.165800638037 
1.46071929584 	 9.57323754486 	 9.94584439257 	 0.47251701216 	 0.455736040609 	 0.150422793151 	 0.0183711800832 	 0.831206026766 	 0.00298279446812 	 0.00298279446812 	 0.420075848436 	 0.90114070363 	 0.9940572082 	 0.161397815937 	 0.161397815937 
1.47437086609 	 9.75875998102 	 10.0096974833 	 0.463611760543 	 0.452354050468 	 0.149921341004 	 0.0175272232358 	 0.83255143576 	 0.00275077352912 	 0.00275077352912 	 0.424001787507 	 0.899671227219 	 0.948391040665 	 0.148843255707 	 0.148843255707 
1.48802243634 	 9.93507855709 	 10.0697571232 	 0.455354419929 	 0.449128461752 	 0.149438266421 	 0.016860557801 	 0.833701175778 	 0.002660946888 	 0.002660946888 	 0.427927726577 	 0.898128818563 	 0.912318040569 	 0.143982772075 	 0.143982772075 
1.50167400659 	 9.97323514281 	 10.1295689297 	 0.452884494007 	 0.445842022051 	 0.148945045542 	 0.0161575975183 	 0.83489735694 	 0.00251606986901 	 0.00251606986901 	 0.431853665648 	 0.896374112086 	 0.874281140761 	 0.136143534509 	 0.136143534509 
1.51532557684 	 10.0912959668 	 10.1896325669 	 0.447337550208 	 0.442730079935 	 0.148437377948 	 0.0155590029819 	 0.83600361907 	 0.0024472228797 	 0.0024472228797 	 0.435779604718 	 0.894921244007 	 0.841891429759 	 0.132418251447 	 0.132418251447 
1.52897714708 	 9.79758914113 	 10.2523384286 	 0.458659178107 	 0.439451860141 	 0.147900816928 	 0.0148650366182 	 0.837234146454 	 0.00236382670596 	 0.00236382670596 	 0.439705543789 	 0.893272686441 	 0.804341187317 	 0.127905717834 	 0.127905717834 
1.54262871733 	 10.1643903894 	 10.3184579962 	 0.442835299712 	 0.436141275557 	 0.147358695603 	 0.0143113495229 	 0.838329954874 	 0.00238353975055 	 0.00238353975055 	 0.443631482859 	 0.89175266293 	 0.774381399995 	 0.128972382794 	 0.128972382794 
1.55628028758 	 10.2589311272 	 10.3875715519 	 0.438375808805 	 0.432762708307 	 0.146739183569 	 0.0136308404409 	 0.83962997599 	 0.00239808725513 	 0.00239808725513 	 0.44755742193 	 0.890247803548 	 0.737559325683 	 0.12975954245 	 0.12975954245 
1.56993185783 	 10.33951995 	 10.4575805059 	 0.434384045806 	 0.429252490999 	 0.146102486666 	 0.0130442971514 	 0.840853216183 	 0.00247780959601 	 0.00247780959601 	 0.451483361 	 0.888455547797 	 0.70582170283 	 0.134073286436 	 0.134073286436 
1.58358342808 	 10.4693468222 	 10.5262743436 	 0.428668066605 	 0.42590042327 	 0.145376908877 	 0.0126520319219 	 0.841971059201 	 0.00257477224168 	 0.00257477224168 	 0.455409300071 	 0.886802657622 	 0.684596388113 	 0.139319896421 	 0.139319896421 
1.59723499833 	 10.5458561612 	 10.5949561894 	 0.425067761813 	 0.422622296028 	 0.144676780822 	 0.0122097172291 	 0.843113501949 	 0.00267482917181 	 0.00267482917181 	 0.459335239141 	 0.885220533387 	 0.660662916957 	 0.144733936901 	 0.144733936901 
1.61088656857 	 10.3660986482 	 10.6624908062 	 0.431119320291 	 0.419522056278 	 0.143959299912 	 0.0119460479083 	 0.844094652179 	 0.00281129182009 	 0.00281129182009 	 0.463261178212 	 0.883844930162 	 0.646395875443 	 0.152117876231 	 0.152117876231 
1.62453813882 	 10.552457799 	 10.7306689904 	 0.423469529201 	 0.41640025107 	 0.143231000766 	 0.011819041138 	 0.844949958096 	 0.00288893618601 	 0.00288893618601 	 0.467187117282 	 0.882396394692 	 0.639523589889 	 0.156319181824 	 0.156319181824 
1.63818970907 	 10.419632366 	 10.7993148604 	 0.427714226618 	 0.413319822983 	 0.142514141401 	 0.0114641189831 	 0.846021739616 	 0.00284505513353 	 0.00284505513353 	 0.471113056353 	 0.880994073714 	 0.620318894011 	 0.153944795621 	 0.153944795621 
1.65184127932 	 10.5396508618 	 10.8679287519 	 0.422464716635 	 0.410152523968 	 0.141802455975 	 0.0112130804576 	 0.846984463567 	 0.00280149157278 	 0.00280149157278 	 0.475038995423 	 0.87932674151 	 0.606735299778 	 0.151587588768 	 0.151587588768 
1.66549284957 	 10.726062057 	 10.9320576573 	 0.414932748654 	 0.407147492194 	 0.141041399745 	 0.010918874816 	 0.848039725439 	 0.00271129200487 	 0.00271129200487 	 0.478964934494 	 0.877600919091 	 0.590815950156 	 0.146706926217 	 0.146706926217 
1.67914467567 	 10.6886260867 	 10.9876363084 	 0.415609894436 	 0.404625260469 	 0.140358086993 	 0.0105299407298 	 0.849111972277 	 0.00265664647095 	 0.00265664647095 	 0.482890947143 	 0.876226760068 	 0.569770882275 	 0.143750078227 	 0.143750078227 
1.69279624592 	 10.6586444824 	 11.0506459659 	 0.416005648018 	 0.4018594308 	 0.139663569638 	 0.0103440451235 	 0.849992385238 	 0.00261563292312 	 0.00261563292312 	 0.486816886214 	 0.874811441264 	 0.559712145349 	 0.141530851555 	 0.141530851555 
1.70644781617 	 10.8726072066 	 11.1101180007 	 0.40772426109 	 0.399118156936 	 0.138967170851 	 0.0102046024206 	 0.850828226728 	 0.00263431453956 	 0.00263431453956 	 0.490742825284 	 0.873131833336 	 0.552166956454 	 0.14254170635 	 0.14254170635 
1.72009938641 	 10.7062251162 	 11.1691063605 	 0.412642776799 	 0.396341581587 	 0.13825150418 	 0.0100133665697 	 0.85173512925 	 0.00264879485012 	 0.00264879485012 	 0.494668764355 	 0.871281087369 	 0.541819261035 	 0.143325230164 	 0.143325230164 
1.73375095666 	 10.8847776001 	 11.2269115155 	 0.405727236255 	 0.393772750068 	 0.137500459859 	 0.00991759325816 	 0.852581946883 	 0.00278423278964 	 0.00278423278964 	 0.498594703425 	 0.869745899728 	 0.536637005443 	 0.150653722914 	 0.150653722914 
1.74740252691 	 11.0405266097 	 11.2827220108 	 0.399747170548 	 0.391267219137 	 0.136717918343 	 0.00967074091986 	 0.853611340737 	 0.00287058717995 	 0.00287058717995 	 0.502520642496 	 0.868156554479 	 0.523279924127 	 0.155326324443 	 0.155326324443 
1.76105409716 	 11.0710326619 	 11.3354305906 	 0.398026519801 	 0.388901238849 	 0.135889332127 	 0.00947786217533 	 0.854632805698 	 0.00296602452145 	 0.00296602452145 	 0.506446581566 	 0.866609813214 	 0.512843332386 	 0.160490400829 	 0.160490400829 
1.77470566741 	 11.096482396 	 11.3845815612 	 0.396591735732 	 0.386775206199 	 0.135080232175 	 0.00910799103161 	 0.855811776793 	 0.00300877671445 	 0.00300877671445 	 0.510372520637 	 0.865306420132 	 0.492829752701 	 0.162803704897 	 0.162803704897 
1.78835723766 	 11.3011371711 	 11.431965719 	 0.389328718002 	 0.38464412491 	 0.134321443744 	 0.00875044831008 	 0.856928107946 	 0.00295203304736 	 0.00295203304736 	 0.514298459707 	 0.863831166909 	 0.473483259009 	 0.159733327761 	 0.159733327761 
1.8020088079 	 11.1536712352 	 11.4779748009 	 0.393391841356 	 0.382583234826 	 0.133607860087 	 0.0084067861925 	 0.85798535372 	 0.00289651735092 	 0.00289651735092 	 0.518224398778 	 0.862382631439 	 0.454887839248 	 0.156729395626 	 0.156729395626 
1.81566037815 	 10.9698022111 	 11.5214295993 	 0.398655805639 	 0.38051199999 	 0.132951626524 	 0.00804711174079 	 0.859001261736 	 0.00280096409975 	 0.00280096409975 	 0.522150337848 	 0.860700857207 	 0.435425998489 	 0.151559047414 	 0.151559047414 
1.8293119484 	 11.1159950598 	 11.5622141921 	 0.393060495399 	 0.378520579992 	 0.132364753983 	 0.00770144220197 	 0.859933803815 	 0.00264126576057 	 0.00264126576057 	 0.526076276919 	 0.858985144207 	 0.416721957967 	 0.142917834139 	 0.142917834139 
1.84296351865 	 11.1551004558 	 11.600912187 	 0.391039727552 	 0.376629778784 	 0.131775143287 	 0.00744258901233 	 0.860782267701 	 0.00256803100198 	 0.00256803100198 	 0.530002215989 	 0.857327199322 	 0.402715515383 	 0.138955130636 	 0.138955130636 
1.8566150889 	 11.2286632784 	 11.6370239199 	 0.387975989956 	 0.374866158091 	 0.131198265857 	 0.00727579834471 	 0.861525935798 	 0.00252190062979 	 0.00252190062979 	 0.53392815506 	 0.855758072913 	 0.393690539053 	 0.136459034644 	 0.136459034644 
1.87026665915 	 11.1242140788 	 11.6712369288 	 0.390558913509 	 0.373128433427 	 0.130596106678 	 0.00705168950115 	 0.862352203821 	 0.00245885416395 	 0.00245885416395 	 0.53785409413 	 0.854097239623 	 0.381564099142 	 0.133047615588 	 0.133047615588 
1.8839182294 	 11.3262906522 	 11.7028836622 	 0.383364280121 	 0.371431673251 	 0.130000818087 	 0.00675078461613 	 0.863248397297 	 0.00235926759194 	 0.00235926759194 	 0.541780033201 	 0.852336756335 	 0.365282256137 	 0.127659025998 	 0.127659025998 
1.89756979964 	 11.310577233 	 11.7321999616 	 0.38299703156 	 0.369749487393 	 0.129417187658 	 0.00635812798142 	 0.86422468436 	 0.00220642808199 	 0.00220642808199 	 0.545705972271 	 0.850434741166 	 0.344035762645 	 0.11938894123 	 0.11938894123 
1.91122136989 	 11.7681840292 	 11.7587021522 	 0.368506452786 	 0.368217934664 	 0.128849196637 	 0.00603990551849 	 0.865110897845 	 0.00204397310828 	 0.00204397310828 	 0.549631911342 	 0.84867497998 	 0.326816872424 	 0.110598567564 	 0.110598567564 
1.92487294014 	 11.6810135856 	 11.7832136804 	 0.370392411034 	 0.366870849491 	 0.12831787675 	 0.00577132263526 	 0.865910800615 	 0.00187638115201 	 0.00187638115201 	 0.553557850412 	 0.847194672047 	 0.31228396001 	 0.101530233825 	 0.101530233825 
1.93852451039 	 11.8121095415 	 11.8165872534 	 0.365977854521 	 0.365292081215 	 0.127853666887 	 0.00536165919497 	 0.866784673918 	 0.00168082808562 	 0.00168082808562 	 0.557483789483 	 0.845751191287 	 0.290117235069 	 0.0909489355988 	 0.0909489355988 
1.95217608064 	 11.8222461983 	 11.8459914937 	 0.365065642071 	 0.363835146014 	 0.127418350451 	 0.0049842354438 	 0.867597414105 	 0.00147618282887 	 0.00147618282887 	 0.561409728553 	 0.844310598933 	 0.269694986814 	 0.0798756625878 	 0.0798756625878 
1.96582765089 	 11.8296765438 	 11.8729413834 	 0.364203914275 	 0.362426321219 	 0.127072956407 	 0.00456715882364 	 0.868359884769 	 0.00127850811141 	 0.00127850811141 	 0.565335667624 	 0.842805739551 	 0.247127137674 	 0.0691795626703 	 0.0691795626703 
1.97947947699 	 11.8352372926 	 11.89711314 	 0.363305655618 	 0.36101126782 	 0.126659730004 	 0.00440443843357 	 0.868935831562 	 0.00125113041334 	 0.00125113041334 	 0.569261680273 	 0.841091470755 	 0.238322402434 	 0.0676981663752 	 0.0676981663752 
1.99313104724 	 11.5221979571 	 11.9162163026 	 0.371620230469 	 0.359734267881 	 0.126243345483 	 0.00423714381082 	 0.869519510707 	 0.00121257129495 	 0.00121257129495 	 0.573187619343 	 0.839357705219 	 0.229270157293 	 0.0656117478979 	 0.0656117478979 
2.00678261748 	 10.6049786518 	 11.9328811039 	 0.400296746858 	 0.358647929324 	 0.12582832164 	 0.00403954300677 	 0.870132135354 	 0.00120565148715 	 0.00120565148715 	 0.577113558414 	 0.837902670837 	 0.218578056801 	 0.0652373198646 	 0.0652373198646 
2.02043418773 	 11.8405938672 	 11.9472794282 	 0.361212032025 	 0.357689344997 	 0.125424737578 	 0.00380921871669 	 0.870766043705 	 0.00111823022384 	 0.00111823022384 	 0.581039497484 	 0.836593500943 	 0.206115301565 	 0.0605069902641 	 0.0605069902641 
2.03408575798 	 11.7356842744 	 11.9602147357 	 0.363599985163 	 0.356755888152 	 0.125012922249 	 0.00363797476562 	 0.871349102985 	 0.0010601215103 	 0.0010601215103 	 0.584965436555 	 0.835243893369 	 0.196849359848 	 0.0573627510106 	 0.0573627510106 
2.04773732823 	 11.6501031881 	 11.9676497394 	 0.365360423441 	 0.355870103521 	 0.124611034837 	 0.00344809959363 	 0.87194086557 	 0.00102248714956 	 0.00102248714956 	 0.588891375625 	 0.833648049207 	 0.186575290217 	 0.0553263708001 	 0.0553263708001 
2.06138889848 	 11.3850528351 	 11.9691567267 	 0.372519369709 	 0.35519937321 	 0.124215329273 	 0.00321868578247 	 0.872565984944 	 0.00101512654901 	 0.00101512654901 	 0.592817314696 	 0.832173518085 	 0.174161800631 	 0.0549280916475 	 0.0549280916475 
2.07504046873 	 11.4070556255 	 11.9691567267 	 0.371240176631 	 0.354608521335 	 0.123794997103 	 0.00307418672982 	 0.873130816167 	 0.00103347757089 	 0.00103347757089 	 0.596743253766 	 0.830789249643 	 0.166343014673 	 0.0559210581033 	 0.0559210581033 
2.08869203897 	 11.8489970435 	 11.9776989863 	 0.357755056386 	 0.353666984435 	 0.123361326921 	 0.00297109598984 	 0.87366757709 	 0.00106800639217 	 0.00106800639217 	 0.600669192837 	 0.829129138454 	 0.160764815956 	 0.0577893988155 	 0.0577893988155 
2.10234360922 	 11.3599473951 	 12.0195468645 	 0.37117681583 	 0.351834806332 	 0.122916082569 	 0.00286545355709 	 0.874218463874 	 0.00111819410705 	 0.00111819410705 	 0.604595131907 	 0.827493578713 	 0.155048546163 	 0.0605050359993 	 0.0605050359993 
2.11599517947 	 11.8480282161 	 12.0578651146 	 0.356384516824 	 0.350122755353 	 0.122461968607 	 0.0027702329163 	 0.874767798477 	 0.00115511604323 	 0.00115511604323 	 0.608521070978 	 0.825890513537 	 0.149896195366 	 0.0625028672018 	 0.0625028672018 
2.12964674972 	 11.8097595346 	 12.092377922 	 0.356780390692 	 0.348546420566 	 0.122015161994 	 0.00267905231575 	 0.87530578569 	 0.00118572224581 	 0.00118572224581 	 0.612447010048 	 0.824345216475 	 0.14496244953 	 0.0641589565848 	 0.0641589565848 
2.14329831997 	 11.8855442548 	 12.1233730933 	 0.354011250111 	 0.347065592705 	 0.121572806985 	 0.00259049396169 	 0.875836699054 	 0.0012188628387 	 0.0012188628387 	 0.616372949119 	 0.822786199486 	 0.140170592404 	 0.0659521808145 	 0.0659521808145 
2.15694989022 	 11.7399278984 	 12.1502830098 	 0.357399233627 	 0.345718558688 	 0.121118054679 	 0.00251680060394 	 0.876365144717 	 0.00123850112995 	 0.00123850112995 	 0.620298888189 	 0.821273396989 	 0.136183074284 	 0.0670148009012 	 0.0670148009012 
2.17060146046 	 11.7402842027 	 12.1723321928 	 0.356666502218 	 0.344441895356 	 0.120683040617 	 0.00243218989835 	 0.876884769485 	 0.00123713961119 	 0.00123713961119 	 0.62422482726 	 0.819612563698 	 0.131604822838 	 0.0669411296655 	 0.0669411296655 
2.18425303071 	 12.0198309356 	 12.1872581625 	 0.348340711978 	 0.343393664198 	 0.120274668981 	 0.00235995801046 	 0.877365373008 	 0.00122700255388 	 0.00122700255388 	 0.62815076633 	 0.818044159391 	 0.127696384268 	 0.0663926175477 	 0.0663926175477 
2.19790460096 	 12.0241866554 	 12.1959483227 	 0.347563340963 	 0.342516245588 	 0.119875822098 	 0.00221907567575 	 0.877905102226 	 0.0011576396825 	 0.0011576396825 	 0.632076705401 	 0.816491641315 	 0.120073297471 	 0.0626394203138 	 0.0626394203138 
2.21155617121 	 12.02549177 	 12.2037550766 	 0.346846500729 	 0.341641950413 	 0.119501669015 	 0.00207688305772 	 0.878421447927 	 0.00110709785515 	 0.00110709785515 	 0.636002644471 	 0.81488929824 	 0.112379311768 	 0.059904622246 	 0.059904622246 
2.22520774146 	 11.8480322195 	 12.2094832273 	 0.350935182978 	 0.340812022066 	 0.119146179071 	 0.00197431307137 	 0.878879507858 	 0.00103914538618 	 0.00103914538618 	 0.639928583542 	 0.813262403717 	 0.106829290822 	 0.0562277413224 	 0.0562277413224 
2.23885931171 	 11.8520516521 	 12.21151786 	 0.350160064468 	 0.340113261358 	 0.118828317776 	 0.00189589765411 	 0.87927578457 	 0.000998827632397 	 0.000998827632397 	 0.643854522612 	 0.811719995061 	 0.102586263949 	 0.054046163787 	 0.054046163787 
2.25251088195 	 11.8589375327 	 12.2115258546 	 0.34930132077 	 0.33946073055 	 0.118507415952 	 0.00183708105161 	 0.879655502997 	 0.000956146161097 	 0.000956146161097 	 0.647780461683 	 0.810163144376 	 0.0994037211073 	 0.051736686442 	 0.051736686442 
2.2661624522 	 11.8694505107 	 12.2115898116 	 0.348304229278 	 0.338766827317 	 0.118223118068 	 0.00172155605888 	 0.880055325873 	 0.000877347065998 	 0.000877347065998 	 0.651706400753 	 0.808510976303 	 0.0931527099457 	 0.0474728989157 	 0.0474728989157 
2.2798142783 	 11.8480922708 	 12.2115858143 	 0.348142574035 	 0.338047741743 	 0.117981404392 	 0.0016295728258 	 0.880389022782 	 0.000820702006128 	 0.000820702006128 	 0.655632413402 	 0.806794541202 	 0.0881755339853 	 0.0444078573768 	 0.0444078573768 
2.29346584855 	 11.9140926351 	 12.2114738895 	 0.345663634622 	 0.337367719105 	 0.11777300215 	 0.00149907969395 	 0.880727918156 	 0.000708710410755 	 0.000708710410755 	 0.659558352473 	 0.805164758273 	 0.0811146028015 	 0.0383480369333 	 0.0383480369333 
2.3071174188 	 11.9139605223 	 12.2112180615 	 0.344976165107 	 0.336699824268 	 0.117619866986 	 0.00136043525596 	 0.881019697758 	 0.000595705865584 	 0.000595705865584 	 0.663484291543 	 0.803555194184 	 0.0736126077017 	 0.0322334061814 	 0.0322334061814 
2.32076898905 	 11.9139324984 	 12.2112060695 	 0.344226695014 	 0.335967910643 	 0.117468814837 	 0.00126888626422 	 0.881262298899 	 0.000491910596345 	 0.000491910596345 	 0.667410230614 	 0.801807708722 	 0.0686589283661 	 0.0266170856675 	 0.0266170856675 
2.3344205593 	 11.9139284949 	 12.2110941447 	 0.343474722737 	 0.335236716084 	 0.117315763666 	 0.00119323823252 	 0.881490998102 	 0.000432581807455 	 0.000432581807455 	 0.671336169684 	 0.800055890651 	 0.0645656436206 	 0.0234068286246 	 0.0234068286246 
2.34807212955 	 11.9139084778 	 12.2110541716 	 0.342658693253 	 0.33444075204 	 0.117160310309 	 0.00110182026911 	 0.881737869422 	 0.000358789338527 	 0.000358789338527 	 0.675262108755 	 0.798153875482 	 0.0596190541757 	 0.0194139476383 	 0.0194139476383 
2.36172369979 	 11.914072618 	 12.2109742253 	 0.341803996018 	 0.333612812004 	 0.117006503205 	 0.00102870713169 	 0.881964789663 	 0.000296803530239 	 0.000296803530239 	 0.679188047825 	 0.796173151258 	 0.0556629315456 	 0.0160599203382 	 0.0160599203382 
2.37537527004 	 11.847836052 	 12.210906271 	 0.342763154615 	 0.332834787618 	 0.116855803824 	 0.00098540596357 	 0.882158790212 	 0.000265168755253 	 0.000265168755253 	 0.683113986896 	 0.794312295871 	 0.0533199226537 	 0.0143481753135 	 0.0143481753135 
2.38902684029 	 12.0316930659 	 12.2108782898 	 0.337165425399 	 0.332085100512 	 0.116690489745 	 0.000966570640818 	 0.882342939614 	 0.000256534660102 	 0.000256534660102 	 0.687039925966 	 0.792521484323 	 0.0523007508712 	 0.0138809878774 	 0.0138809878774 
2.40267841054 	 12.0339910283 	 12.2106624348 	 0.336281891996 	 0.331278698048 	 0.116505471021 	 0.000944432564169 	 0.882550096415 	 0.00027958909515 	 0.00027958909515 	 0.690965865037 	 0.790584086184 	 0.0511028683961 	 0.0151284541391 	 0.0151284541391 
2.41632998079 	 11.9549995696 	 12.2107223946 	 0.337531953186 	 0.330493509637 	 0.116301218009 	 0.0009596184119 	 0.882739163579 	 0.000295309471282 	 0.000295309471282 	 0.694891804107 	 0.788713843479 	 0.0519245685445 	 0.0159790774054 	 0.0159790774054 
2.42998155104 	 12.0334345531 	 12.2108782898 	 0.334797283184 	 0.329796707292 	 0.116095049968 	 0.000949415168478 	 0.882955534864 	 0.000328051771646 	 0.000328051771646 	 0.698817743178 	 0.787060231202 	 0.0513724751229 	 0.0177507501854 	 0.0177507501854 
2.44363312128 	 12.0823122947 	 12.2108902817 	 0.332796068285 	 0.329054488702 	 0.115877593332 	 0.000934571002321 	 0.883187835666 	 0.000355014882635 	 0.000355014882635 	 0.702743682248 	 0.785289638494 	 0.0505692632279 	 0.0192097133393 	 0.0192097133393 
2.45728469153 	 12.0869202299 	 12.2108902817 	 0.331917786093 	 0.328301676701 	 0.115653484489 	 0.000922306918414 	 0.883424208593 	 0.00036867475425 	 0.00036867475425 	 0.706669621319 	 0.783493050135 	 0.0499056585517 	 0.0199488435302 	 0.0199488435302 
2.47093626178 	 12.090026883 	 12.210894279 	 0.331135586253 	 0.327605650082 	 0.115406865649 	 0.000941907077059 	 0.883651227274 	 0.000408491744627 	 0.000408491744627 	 0.710595560389 	 0.781832216844 	 0.0509662152985 	 0.0221033249578 	 0.0221033249578 
2.48458783203 	 12.036969572 	 12.210906271 	 0.331714601658 	 0.326848002963 	 0.115137300054 	 0.000974191954155 	 0.883888507992 	 0.000447328542288 	 0.000447328542288 	 0.71452149946 	 0.780024796963 	 0.0527131370884 	 0.0242047685496 	 0.0242047685496 
2.49823940228 	 12.0941103703 	 12.2107783569 	 0.329431454488 	 0.326024217272 	 0.114857101005 	 0.000992866683208 	 0.884150032312 	 0.000471223910453 	 0.000471223910453 	 0.71844743853 	 0.778051293753 	 0.0537236192099 	 0.0254977373659 	 0.0254977373659 
2.51189097253 	 12.0934898403 	 12.2108063381 	 0.32868267587 	 0.325267079001 	 0.114593179707 	 0.000951802907855 	 0.884455017386 	 0.000416916362432 	 0.000416916362432 	 0.722373377601 	 0.776246040176 	 0.0515016747458 	 0.0225591776585 	 0.0225591776585 
2.52554254278 	 12.0922647941 	 12.2108063381 	 0.328067612745 	 0.324628031956 	 0.114396133253 	 0.000906445266862 	 0.88469742148 	 0.000411148428055 	 0.000411148428055 	 0.726299316671 	 0.774720961955 	 0.0490473909289 	 0.0222470770358 	 0.0222470770358 
2.53919411302 	 12.0378943618 	 12.2359894151 	 0.328754348741 	 0.323340242164 	 0.114175585692 	 0.000877204278713 	 0.884947210029 	 0.000414305034965 	 0.000414305034965 	 0.730225255742 	 0.77311861888 	 0.0474651727528 	 0.0224178797735 	 0.0224178797735 
2.55284568327 	 12.0913640249 	 12.3119543667 	 0.326734853271 	 0.320830574511 	 0.113949410633 	 0.000849773665355 	 0.885200815702 	 0.000428704376733 	 0.000428704376733 	 0.734151194812 	 0.771520608414 	 0.0459809132326 	 0.0231970223986 	 0.0231970223986 
2.56649623011 	 12.1093353724 	 12.3855768923 	 0.325613255012 	 0.318407187628 	 0.113700775973 	 0.000846023903263 	 0.885453200123 	 0.000455020577328 	 0.000455020577328 	 0.738076839568 	 0.769927652658 	 0.0457780151053 	 0.0246209814897 	 0.0246209814897 
2.58014856792 	 12.093133536 	 12.4559655911 	 0.325250849415 	 0.315998029856 	 0.113440063189 	 0.000843685047534 	 0.885716251763 	 0.000478146238034 	 0.000478146238034 	 0.742002999374 	 0.768120232777 	 0.045651460557 	 0.0258723017433 	 0.0258723017433 
2.59380090572 	 12.0956997276 	 12.521897285 	 0.324409095453 	 0.313704901284 	 0.113165794012 	 0.000861138525337 	 0.885973067462 	 0.000503949244328 	 0.000503949244328 	 0.745929159181 	 0.766282484635 	 0.0465958612618 	 0.027268492096 	 0.027268492096 
2.60745324353 	 12.097949649 	 12.5820608551 	 0.32355592261 	 0.311547452658 	 0.112890281746 	 0.000825165032704 	 0.886284553221 	 0.000470188282674 	 0.000470188282674 	 0.749855318988 	 0.764398522003 	 0.0446493499602 	 0.0254416999609 	 0.0254416999609 
2.62110302281 	 12.1002996559 	 12.636248441 	 0.322787367088 	 0.309627880785 	 0.112677293512 	 0.000784696764323 	 0.886538009723 	 0.000429836259941 	 0.000429836259941 	 0.753780743007 	 0.762719636176 	 0.0424596281401 	 0.0232582681464 	 0.0232582681464 
2.63475536062 	 12.1048155124 	 12.682793163 	 0.321971060113 	 0.307900357494 	 0.112486613692 	 0.000696487819153 	 0.886816898489 	 0.000364872748811 	 0.000364872748811 	 0.757706902814 	 0.761053026074 	 0.0376866773892 	 0.0197431185362 	 0.0197431185362 
2.64840769842 	 12.2102495531 	 12.7211194078 	 0.318758860541 	 0.306422710581 	 0.112316444845 	 0.00066008714056 	 0.887023468014 	 0.000348488159826 	 0.000348488159826 	 0.76163306262 	 0.759522171041 	 0.0357170512261 	 0.018856554978 	 0.018856554978 
2.6620574777 	 12.220798562 	 12.7503797448 	 0.317780798498 	 0.305075866921 	 0.112131862882 	 0.000659778048084 	 0.88720835907 	 0.000347743314153 	 0.000347743314153 	 0.76555848664 	 0.757796348622 	 0.0357003263558 	 0.0188162516764 	 0.0188162516764 
2.67570981551 	 12.2293979058 	 12.7716974193 	 0.316841906174 	 0.303901210889 	 0.111948372821 	 0.000652541588477 	 0.88739908559 	 0.000345812326104 	 0.000345812326104 	 0.769484646447 	 0.75604886316 	 0.0353087644201 	 0.0187117666852 	 0.0187117666852 
2.68936215332 	 12.1890354363 	 12.786571424 	 0.31705147122 	 0.302847322917 	 0.11175927206 	 0.000651776584599 	 0.887588951355 	 0.000346634612881 	 0.000346634612881 	 0.773410806253 	 0.754240721177 	 0.0352673703662 	 0.0187562602939 	 0.0187562602939 
2.70301193259 	 12.2002289956 	 12.7966246682 	 0.316033202325 	 0.301910719884 	 0.111568625837 	 0.000654247644556 	 0.887777126518 	 0.000352919269245 	 0.000352919269245 	 0.777336230273 	 0.752456408542 	 0.0354010784324 	 0.0190963205367 	 0.0190963205367 
2.7166642704 	 12.1904686602 	 12.8031922548 	 0.31555320033 	 0.301085946407 	 0.111365615915 	 0.000659671881538 	 0.887974712204 	 0.000363883820874 	 0.000363883820874 	 0.781262390079 	 0.750758025977 	 0.0356945817265 	 0.0196896080409 	 0.0196896080409 
2.73031660821 	 12.2984008343 	 12.8075573215 	 0.312305430764 	 0.300330408496 	 0.111154744292 	 0.000660931937333 	 0.88818432377 	 0.000372312302334 	 0.000372312302334 	 0.785188549886 	 0.749110912613 	 0.0357627628417 	 0.0201456698025 	 0.0201456698025 
2.74396894602 	 12.2431496498 	 12.8106712289 	 0.312970833988 	 0.299652270862 	 0.11093646453 	 0.00066110210618 	 0.888402433364 	 0.000381684355771 	 0.000381684355771 	 0.789114709693 	 0.747588000696 	 0.0357719706099 	 0.0206527878664 	 0.0206527878664 
2.75761872529 	 12.2632187888 	 12.8126059288 	 0.311844376637 	 0.29898433557 	 0.11071467388 	 0.000656744574209 	 0.888628581546 	 0.000385850048825 	 0.000385850048825 	 0.793040133712 	 0.746026095302 	 0.0355361862975 	 0.0208781918517 	 0.0208781918517 
2.7712710631 	 12.2648601906 	 12.814544626 	 0.311149963647 	 0.29831360749 	 0.110494999841 	 0.000639052725633 	 0.888865947433 	 0.000370110018443 	 0.000370110018443 	 0.796966293519 	 0.744456968893 	 0.0345788874454 	 0.0200265051018 	 0.0200265051018 
2.78492340091 	 12.0397919824 	 12.8170549391 	 0.315851458508 	 0.297629018236 	 0.110283389085 	 0.000613046625424 	 0.88910356429 	 0.000353644460668 	 0.000353644460668 	 0.800892453325 	 0.742883509875 	 0.0331717077622 	 0.0191355603546 	 0.0191355603546 
2.79857318018 	 12.022032816 	 12.8196931662 	 0.31558187466 	 0.296913293677 	 0.110070417649 	 0.000587517770718 	 0.88934206458 	 0.000330976391214 	 0.000330976391214 	 0.804817877345 	 0.741238562816 	 0.0317903516423 	 0.0179090001808 	 0.0179090001808 
2.81222551799 	 12.3256961445 	 12.8219556458 	 0.307749342888 	 0.296247539267 	 0.109860251564 	 0.000573141274916 	 0.889566607161 	 0.00031657116997 	 0.00031657116997 	 0.808744037152 	 0.739697598363 	 0.0310124452032 	 0.0171295394195 	 0.0171295394195 
2.8258778558 	 12.3292511805 	 12.8233027406 	 0.306960543534 	 0.29553824764 	 0.109646574592 	 0.000566344936116 	 0.889787080472 	 0.000310587374815 	 0.000310587374815 	 0.812670196958 	 0.737998493696 	 0.0306446980284 	 0.0168057586564 	 0.0168057586564 
2.83953019361 	 12.3327301515 	 12.8233267244 	 0.306153793491 	 0.294837939548 	 0.109435266208 	 0.000538237175056 	 0.890026496617 	 0.000285727772513 	 0.000285727772513 	 0.816596356765 	 0.736251008234 	 0.0291237983169 	 0.0154606155165 	 0.0154606155165 
2.85317997288 	 12.3352683191 	 12.8233227271 	 0.305356697899 	 0.29412637324 	 0.109271581584 	 0.000475591017571 	 0.890252827398 	 0.000237054274791 	 0.000237054274791 	 0.820521780784 	 0.734473916613 	 0.0257340397858 	 0.0128269120178 	 0.0128269120178 
2.86683231069 	 12.3377784628 	 12.8233227271 	 0.304618475764 	 0.293470531813 	 0.109113255683 	 0.000462431237423 	 0.89042431308 	 0.000240759352861 	 0.000240759352861 	 0.824447940591 	 0.732836190568 	 0.0250219693442 	 0.0130273923107 	 0.0130273923107 
2.8804846485 	 12.338162791 	 12.8233227271 	 0.303993195051 	 0.29287657313 	 0.108956777617 	 0.000449148156255 	 0.890594074227 	 0.000238520112261 	 0.000238520112261 	 0.828374100398 	 0.73135299423 	 0.0243032271337 	 0.0129062278972 	 0.0129062278972 
2.89413442777 	 12.338162791 	 12.8233227271 	 0.303316061834 	 0.292224201763 	 0.108798670096 	 0.00044489611889 	 0.890756433785 	 0.000238726901847 	 0.000238726901847 	 0.832299524417 	 0.729723933402 	 0.0240731510922 	 0.012917417199 	 0.012917417199 
2.90778676558 	 12.338162791 	 12.8233227271 	 0.30266594191 	 0.29159785585 	 0.108643300731 	 0.000419787058802 	 0.89093691221 	 0.000221345321642 	 0.000221345321642 	 0.836225684224 	 0.728159861703 	 0.0227145098912 	 0.0119769068445 	 0.0119769068445 
2.92143910339 	 12.3381667944 	 12.8233227271 	 0.301980013771 	 0.290937098503 	 0.108511550063 	 0.000401059414461 	 0.891087390522 	 0.000193169694625 	 0.000193169694625 	 0.84015184403 	 0.726509859934 	 0.0217011645445 	 0.0104523349332 	 0.0104523349332 
2.93508888267 	 12.3381667944 	 12.8233227271 	 0.301277068062 	 0.290259858369 	 0.10840434201 	 0.000334636953249 	 0.891261021037 	 0.000147905537308 	 0.000147905537308 	 0.84407726805 	 0.724818698383 	 0.0181070717287 	 0.00800310948061 	 0.00800310948061 
2.94874122047 	 12.3381667944 	 12.8233227271 	 0.300602036081 	 0.289609511204 	 0.108302207105 	 0.000266115854915 	 0.89143167704 	 0.000111566274046 	 0.000111566274046 	 0.848003427857 	 0.723194692266 	 0.0143994224975 	 0.00603680647655 	 0.00603680647655 
2.96239355828 	 12.2864266083 	 12.8233227271 	 0.301054487054 	 0.288920299362 	 0.108198106775 	 0.000252652021843 	 0.891549241203 	 0.000108927850593 	 0.000108927850593 	 0.851929587663 	 0.721473635716 	 0.0136708998737 	 0.0058940424385 	 0.0058940424385 
2.97604589609 	 12.2864266083 	 12.8233227271 	 0.300352449853 	 0.288246558206 	 0.108088916498 	 0.000246324025338 	 0.891664759476 	 0.000106078656308 	 0.000106078656308 	 0.85585574747 	 0.719791211592 	 0.0133284945133 	 0.00573987367506 	 0.00573987367506 
2.98969567537 	 12.3384430303 	 12.8233227271 	 0.298532098472 	 0.287621224393 	 0.107967580903 	 0.000246503601347 	 0.891785915496 	 0.000112230234922 	 0.000112230234922 	 0.859781171489 	 0.718229667248 	 0.0133382112993 	 0.00607273313403 	 0.00607273313403 
3.00334801317 	 12.3387112594 	 12.8233227271 	 0.297834193221 	 0.286954596861 	 0.107844632651 	 0.000240539628427 	 0.89191482772 	 0.000114781978094 	 0.000114781978094 	 0.863707331296 	 0.71656500682 	 0.0130155031094 	 0.00621080693672 	 0.00621080693672 
3.01700035098 	 12.3388233551 	 12.8233227271 	 0.29715339009 	 0.286301068808 	 0.107726606361 	 0.000230911901757 	 0.892042481737 	 0.00011313246578 	 0.00011313246578 	 0.867633491103 	 0.714933057587 	 0.0124945506691 	 0.00612155248499 	 0.00612155248499 
3.03065013026 	 12.3388513791 	 12.8233227271 	 0.296415611077 	 0.285590834182 	 0.107632484343 	 0.000203968780988 	 0.892163546876 	 9.6993958082e-05 	 9.6993958082e-05 	 0.871558915122 	 0.713159504263 	 0.0110366691781 	 0.00524830428676 	 0.00524830428676 
3.04430246807 	 12.3388994201 	 12.8233267244 	 0.295692428022 	 0.284895004676 	 0.107558402939 	 0.000185412985344 	 0.892256184075 	 9.00260225627e-05 	 9.00260225627e-05 	 0.875485074929 	 0.711422128221 	 0.0100326224957 	 0.00487127208209 	 0.00487127208209 
3.05795480588 	 12.2871352135 	 12.8233267244 	 0.29623263041 	 0.284307870615 	 0.107499742563 	 0.000177460069536 	 0.892322797368 	 9.15100360143e-05 	 9.15100360143e-05 	 0.879411234735 	 0.709955973476 	 0.00960229340147 	 0.00495157145654 	 0.00495157145654 
3.07160714368 	 12.2871392169 	 12.8233267244 	 0.295546209221 	 0.283649166578 	 0.107433842031 	 0.000166987966056 	 0.892399170003 	 9.25187693886e-05 	 9.25187693886e-05 	 0.883337394542 	 0.708311098627 	 0.00903565206965 	 0.00500615361606 	 0.00500615361606 
3.08525692296 	 12.2872753331 	 12.8233267244 	 0.29479979102 	 0.282935693436 	 0.107365942478 	 0.000161356032368 	 0.89247270149 	 9.56552516911e-05 	 9.56552516911e-05 	 0.887262818561 	 0.706529457767 	 0.00873091038986 	 0.00517586741926 	 0.00517586741926 
3.09890926077 	 12.3391116013 	 12.8233267244 	 0.292877911601 	 0.282187751037 	 0.107295287969 	 0.000147928450467 	 0.89255678358 	 8.31422643476e-05 	 8.31422643476e-05 	 0.891188978368 	 0.704661742416 	 0.00800434930252 	 0.00449879467768 	 0.00449879467768 
3.11256159858 	 12.3391116013 	 12.8233267244 	 0.292097222931 	 0.281435557815 	 0.107219358731 	 0.0001537339463 	 0.892626907323 	 9.23973833978e-05 	 9.23973833978e-05 	 0.895115138175 	 0.702783412175 	 0.00831848236055 	 0.00499958546864 	 0.00499958546864 
3.12621137785 	 12.3391156047 	 12.8233267244 	 0.29135234193 	 0.280717949519 	 0.107135047038 	 0.000153940803079 	 0.892711012159 	 8.66454411968e-05 	 8.66454411968e-05 	 0.899040562194 	 0.700991445264 	 0.00832967529819 	 0.00468835017617 	 0.00468835017617 
3.13986371566 	 12.3391156047 	 12.8233267244 	 0.290565350843 	 0.279959683693 	 0.107044587094 	 0.000157187332382 	 0.892798225574 	 8.23781507904e-05 	 8.23781507904e-05 	 0.902966722001 	 0.699097950893 	 0.00850534370058 	 0.00445744879865 	 0.00445744879865 
3.15351605347 	 12.3391156047 	 12.8233267244 	 0.289724667167 	 0.279149685063 	 0.106937395839 	 0.000173480671893 	 0.892889123489 	 9.51358083465e-05 	 9.51358083465e-05 	 0.906892881808 	 0.697075272575 	 0.00938696978628 	 0.0051477605476 	 0.0051477605476 
3.16716583274 	 12.3391156047 	 12.8233267244 	 0.2889127656 	 0.278367417992 	 0.106825249025 	 0.000186421063577 	 0.892988329911 	 0.000101270722845 	 0.000101270722845 	 0.910818305827 	 0.695121843785 	 0.0100871692058 	 0.00547971831792 	 0.00547971831792 
3.18081817055 	 12.3392277005 	 12.8233307218 	 0.288154956288 	 0.277639521652 	 0.106711943115 	 0.000186753505974 	 0.893101303379 	 9.90554705085e-05 	 9.90554705085e-05 	 0.914744465634 	 0.693304386694 	 0.010105157531 	 0.00535985189982 	 0.00535985189982 
3.19447050836 	 12.3392597278 	 12.8233307218 	 0.28740770842 	 0.276920207452 	 0.106624238125 	 0.000151365390815 	 0.893224396484 	 5.55355186731e-05 	 5.55355186731e-05 	 0.91867062544 	 0.691508159385 	 0.00819032077038 	 0.00300500470837 	 0.00300500470837 
3.20812284617 	 12.3392637312 	 12.8233307218 	 0.286677152962 	 0.276216392845 	 0.106555431452 	 0.000138195313184 	 0.893306373235 	 5.16474209005e-05 	 5.16474209005e-05 	 0.922596785247 	 0.689750636713 	 0.0074776931361 	 0.00279462129263 	 0.00279462129263 
3.22177262544 	 12.3392637312 	 12.8233307218 	 0.286012560745 	 0.275576051392 	 0.106471405334 	 0.00014967388224 	 0.893378920783 	 6.83799573016e-05 	 6.83799573016e-05 	 0.926522209266 	 0.688151615305 	 0.00809879391779 	 0.00370001214644 	 0.00370001214644 
3.23542496325 	 12.3392637312 	 12.8233307218 	 0.285339234951 	 0.274927295046 	 0.106373150884 	 0.000161821737298 	 0.893465027379 	 8.91772949402e-05 	 8.91772949402e-05 	 0.930448369073 	 0.686531580745 	 0.0087561094974 	 0.00482534776982 	 0.00482534776982 
3.24907730106 	 12.3392677346 	 12.8233307218 	 0.284625697298 	 0.274239876466 	 0.106267370703 	 0.0001585515725 	 0.893574077724 	 9.16662453042e-05 	 9.16662453042e-05 	 0.93437452888 	 0.684815001224 	 0.0085791621878 	 0.00496002387875 	 0.00496002387875 
3.26272708033 	 12.3392677346 	 12.8233267244 	 0.283896518845 	 0.273537384396 	 0.106159305926 	 0.00015757030468 	 0.893683123769 	 9.9092309628e-05 	 9.9092309628e-05 	 0.938299952899 	 0.683060583588 	 0.00852606617844 	 0.00536184524985 	 0.00536184524985 
3.27637941814 	 12.3392717381 	 12.8233267244 	 0.283103599372 	 0.272773479724 	 0.106076506099 	 0.000133976788835 	 0.893789517112 	 8.5954619513e-05 	 8.5954619513e-05 	 0.942226112706 	 0.681153008238 	 0.00724943047045 	 0.00465097009111 	 0.00465097009111 
3.29003175595 	 12.3392717381 	 12.8233307218 	 0.282381654097 	 0.272077798711 	 0.106015527529 	 0.000124647504389 	 0.893859824966 	 8.33354303466e-05 	 8.33354303466e-05 	 0.946152272512 	 0.679415993247 	 0.00674462661959 	 0.00450924681265 	 0.00450924681265 
3.30368153523 	 12.3392717381 	 12.8233267244 	 0.281732338526 	 0.271452254584 	 0.105947560782 	 0.000129242516812 	 0.893923196702 	 9.63868937399e-05 	 9.63868937399e-05 	 0.950077696532 	 0.677853726802 	 0.0069932609044 	 0.00521545627796 	 0.00521545627796 
3.31733387303 	 12.3392757415 	 12.8233267244 	 0.280972463446 	 0.270720187707 	 0.105861703627 	 0.000141449032247 	 0.893996847341 	 0.00010932935164 	 0.00010932935164 	 0.954003856339 	 0.67602565482 	 0.00765375057352 	 0.00591576749962 	 0.00591576749962 
3.33098621084 	 12.3392757415 	 12.8233267244 	 0.280199347473 	 0.26997528161 	 0.105766909668 	 0.000139105489734 	 0.894093984842 	 0.000104493902227 	 0.000104493902227 	 0.957930016145 	 0.674165521534 	 0.0075269424253 	 0.00565412326544 	 0.00565412326544 
3.34463854865 	 12.3392757415 	 12.8233267244 	 0.279393097959 	 0.269198450965 	 0.10567458509 	 0.000132167153179 	 0.894193247757 	 0.000103417017321 	 0.000103417017321 	 0.961856175952 	 0.672225668251 	 0.00715151180874 	 0.00559585345381 	 0.00559585345381 
3.35828832793 	 12.3392797449 	 12.8233267244 	 0.278607383255 	 0.268441486412 	 0.105583318817 	 0.00013137330627 	 0.894285307877 	 0.000102863573804 	 0.000102863573804 	 0.965781599971 	 0.670335423336 	 0.00710855706991 	 0.00556590684642 	 0.00556590684642 
3.37194066573 	 12.3392797449 	 12.8233267244 	 0.277815960038 	 0.267678940845 	 0.10551466333 	 0.000109890740849 	 0.894375445929 	 7.59694038765e-05 	 7.59694038765e-05 	 0.969707759778 	 0.668431241863 	 0.00594614404525 	 0.00411067406581 	 0.00411067406581 
3.38559300354 	 12.3392797449 	 12.8233267244 	 0.277170756537 	 0.267057279693 	 0.105464889363 	 0.000106144842414 	 0.894428965795 	 7.38861205887e-05 	 7.38861205887e-05 	 0.973633919585 	 0.666878868207 	 0.0057434549788 	 0.00399794844015 	 0.00399794844015 
3.39924278282 	 12.3392837483 	 12.8233267244 	 0.276512624802 	 0.266423241996 	 0.105411638104 	 0.00010471026696 	 0.894483651629 	 7.43114419147e-05 	 7.43114419147e-05 	 0.977559343604 	 0.66529558861 	 0.00566583067463 	 0.00402096240703 	 0.00402096240703 
3.41289512063 	 12.3392837483 	 12.8233267244 	 0.276373397984 	 0.26628909528 	 0.105364955061 	 9.85641982553e-05 	 0.89453648074 	 6.76265779885e-05 	 6.76265779885e-05 	 0.981485503411 	 0.664960605756 	 0.00533326935464 	 0.00365924709306 	 0.00365924709306 
3.42654745843 	 12.3392837483 	 12.8233267244 	 0.27625211849 	 0.266172241028 	 0.105319615899 	 9.31011903252e-05 	 0.894587282911 	 6.82053032542e-05 	 6.82053032542e-05 	 0.985411663217 	 0.664668804568 	 0.00503766818005 	 0.00369056168577 	 0.00369056168577 
3.44019979624 	 12.3392837483 	 12.8233267244 	 0.276127057452 	 0.266051743213 	 0.105274814288 	 7.57207860154e-05 	 0.894649464926 	 6.08615180035e-05 	 6.08615180035e-05 	 0.989337823024 	 0.664367904902 	 0.00409722145276 	 0.00329319240243 	 0.00329319240243 
3.45384957552 	 12.3392837483 	 12.8233267244 	 0.275964331043 	 0.26589495436 	 0.10523807596 	 6.02742255008e-05 	 0.894701649815 	 4.97455110617e-05 	 4.97455110617e-05 	 0.993263247044 	 0.663976381506 	 0.00326141423994 	 0.00269170971177 	 0.00269170971177 
3.46750191333 	 12.3392877517 	 12.8233267244 	 0.275727451655 	 0.265666797951 	 0.105197658759 	 6.08094426408e-05 	 0.894741531798 	 4.90787784329e-05 	 4.90787784329e-05 	 0.99718940685 	 0.663406643478 	 0.00329037462537 	 0.00265563307583 	 0.00265563307583 
3.48115425113 	 12.3392877517 	 12.8233267244 	 0.275467035457 	 0.265415883735 	 0.105153075529 	 6.00903994701e-05 	 0.894786834072 	 5.03672572965e-05 	 5.03672572965e-05 	 1.00111556666 	 0.662780076066 	 0.00325146748693 	 0.00272535215191 	 0.00272535215191 
3.49480403041 	 12.3392877517 	 12.8233267244 	 0.275128797524 	 0.265089987317 	 0.105100949771 	 6.16634617921e-05 	 0.894837386768 	 5.09200456718e-05 	 5.09200456718e-05 	 1.00504099068 	 0.661966267754 	 0.00333658526015 	 0.00275526330986 	 0.00275526330986 
3.50845636822 	 12.3392877517 	 12.8233267244 	 0.274718470192 	 0.264694631876 	 0.10504874002 	 5.49716432851e-05 	 0.894896288337 	 4.54548875332e-05 	 4.54548875332e-05 	 1.00896715048 	 0.660979010678 	 0.0029744936366 	 0.00245954578834 	 0.00245954578834 
3.52210870603 	 12.3392877517 	 12.8233267244 	 0.274188874223 	 0.264184359632 	 0.104987139905 	 6.36489273903e-05 	 0.894949211167 	 5.44479667175e-05 	 5.44479667175e-05 	 1.01289331029 	 0.659704790493 	 0.00344401800974 	 0.00294615770693 	 0.00294615770693 
3.5357584853 	 12.3392877517 	 12.8233267244 	 0.27355708658 	 0.263575624452 	 0.104914906337 	 7.31267946052e-05 	 0.895011966868 	 6.37277123747e-05 	 6.37277123747e-05 	 1.01681873431 	 0.658184694771 	 0.00395686161481 	 0.00344828103374 	 0.00344828103374 
3.54941082311 	 12.3392917552 	 12.8233267244 	 0.272895444894 	 0.262938203446 	 0.104836474122 	 7.75528308755e-05 	 0.895085973047 	 6.92245860891e-05 	 6.92245860891e-05 	 1.02074489412 	 0.656592966588 	 0.00419635266756 	 0.00374571467239 	 0.00374571467239 
3.56306316092 	 12.3392917552 	 12.8233267244 	 0.272227732801 	 0.262294854422 	 0.104748819527 	 8.39829118897e-05 	 0.895167197561 	 7.55313828814e-05 	 7.55313828814e-05 	 1.02467105392 	 0.654986435325 	 0.00454428178003 	 0.00408697292492 	 0.00408697292492 
3.57671549873 	 12.3392917552 	 12.8233267244 	 0.271536160986 	 0.261628516255 	 0.104654294344 	 9.02536590922e-05 	 0.895255451997 	 8.03991190192e-05 	 8.03991190192e-05 	 1.02859721373 	 0.653322496998 	 0.00488358940367 	 0.00435036418087 	 0.00435036418087 
3.590365278 	 12.3393037654 	 12.8233267244 	 0.270812772473 	 0.260931757232 	 0.104555804715 	 8.79690121354e-05 	 0.895356226273 	 7.7221094016e-05 	 7.7221094016e-05 	 1.03252263775 	 0.651582593601 	 0.0047599680704 	 0.00417840251874 	 0.00417840251874 
3.60401761581 	 12.3393037654 	 12.8233267244 	 0.270099352397 	 0.260244367371 	 0.104459549286 	 8.42391394731e-05 	 0.895456211574 	 7.35122362824e-05 	 7.35122362824e-05 	 1.03644879756 	 0.64986608629 	 0.00455814615212 	 0.00397771770984 	 0.00397771770984 
3.61766995362 	 12.3393077688 	 12.8233267244 	 0.26937051524 	 0.259542200839 	 0.104370685199 	 7.40639327549e-05 	 0.895555250868 	 6.18444824725e-05 	 6.18444824725e-05 	 1.04037495736 	 0.648112679596 	 0.00400756978536 	 0.00334638021678 	 0.00334638021678 
3.63131973289 	 12.3393077688 	 12.8233267244 	 0.268636296927 	 0.258834771384 	 0.104285080022 	 8.27569906555e-05 	 0.895632162987 	 7.39046661373e-05 	 7.39046661373e-05 	 1.04430038138 	 0.646346130656 	 0.00447794767226 	 0.00399895193237 	 0.00399895193237 
3.6449720707 	 12.3393077688 	 12.8233267244 	 0.267917835016 	 0.258142523439 	 0.104188287041 	 9.30775548299e-05 	 0.895718635404 	 8.41771697914e-05 	 8.41771697914e-05 	 1.04822654119 	 0.644617492041 	 0.00503638927285 	 0.00455479299742 	 0.00455479299742 
3.65862440851 	 12.3393117723 	 12.8233267244 	 0.267192840293 	 0.257444058304 	 0.104088587919 	 9.56560076238e-05 	 0.895815756073 	 8.71631374969e-05 	 8.71631374969e-05 	 1.05215270099 	 0.642873328245 	 0.00517590832248 	 0.00471636251596 	 0.00471636251596 
3.67227674632 	 12.3393117723 	 12.8233267244 	 0.26647605928 	 0.25675342972 	 0.104015598419 	 6.01197128598e-05 	 0.895924281868 	 4.50362520118e-05 	 4.50362520118e-05 	 1.0560788608 	 0.641148733398 	 0.00325305362272 	 0.00243689358768 	 0.00243689358768 
3.68592652559 	 12.3393157757 	 12.8233267244 	 0.265769402647 	 0.256072632971 	 0.103957274013 	 5.96950466755e-05 	 0.895983030941 	 4.94852518373e-05 	 4.94852518373e-05 	 1.06000428482 	 0.63944869 	 0.0032300751053 	 0.00267762718921 	 0.00267762718921 
3.6995788634 	 12.3393157757 	 12.8233267244 	 0.26512657185 	 0.255453256275 	 0.103888752914 	 7.48648350362e-05 	 0.896036382251 	 6.33754813401e-05 	 6.33754813401e-05 	 1.06393044463 	 0.637902020945 	 0.00405090628754 	 0.00342922195331 	 0.00342922195331 
3.71323120121 	 12.3393157757 	 12.8233267244 	 0.264442924494 	 0.254794552238 	 0.10380929599 	 8.70337386196e-05 	 0.896103670272 	 7.36438189652e-05 	 7.36438189652e-05 	 1.06785660443 	 0.636257146096 	 0.00470936079446 	 0.00398483759619 	 0.00398483759619 
3.72688098048 	 12.3393157757 	 12.8233267244 	 0.263695651326 	 0.254074543817 	 0.103727957633 	 8.86041971735e-05 	 0.89618343817 	 7.75667904324e-05 	 7.75667904324e-05 	 1.07178202845 	 0.634459185744 	 0.00479433767882 	 0.0041971080136 	 0.0041971080136 
3.74053331829 	 12.3393157757 	 12.8233267244 	 0.262961763587 	 0.253367432451 	 0.103643797127 	 8.21108361943e-05 	 0.896274092037 	 7.18724838991e-05 	 7.18724838991e-05 	 1.07570818826 	 0.632693431115 	 0.00444298451274 	 0.00388899136407 	 0.00388899136407 
3.7541856561 	 12.3393157757 	 12.8233267244 	 0.262264610753 	 0.252695715691 	 0.103580735543 	 7.4660464435e-05 	 0.896344603993 	 5.75640724345e-05 	 5.75640724345e-05 	 1.07963434807 	 0.631016061702 	 0.00403984787603 	 0.00311476894124 	 0.00311476894124 
3.76783543538 	 12.3393157757 	 12.8233267244 	 0.261592758182 	 0.252048376099 	 0.103530491217 	 7.19116580107e-05 	 0.896397597125 	 6.23849407458e-05 	 6.23849407458e-05 	 1.08355977209 	 0.629399565439 	 0.00389111105958 	 0.00337562419784 	 0.00337562419784 
3.78148777319 	 12.3393197791 	 12.8233267244 	 0.260895737132 	 0.251376861759 	 0.103478953406 	 5.53727411681e-05 	 0.896465673853 	 4.47411526898e-05 	 4.47411526898e-05 	 1.08748593189 	 0.627722701497 	 0.00299619688266 	 0.00242092588136 	 0.00242092588136 
3.79514011099 	 12.3393237825 	 12.8233267244 	 0.260238242512 	 0.250743431322 	 0.103432169572 	 5.94518043357e-05 	 0.896508378624 	 4.9799635842e-05 	 4.9799635842e-05 	 1.0914120917 	 0.626140938313 	 0.00321691335956 	 0.00269463838199 	 0.00269463838199 
3.8087924488 	 12.3393237825 	 12.8233267244 	 0.259500213537 	 0.250032329387 	 0.103365865876 	 6.82577985796e-05 	 0.896565876325 	 5.18437114212e-05 	 5.18437114212e-05 	 1.09533825151 	 0.624365218685 	 0.00369340218684 	 0.00280524249421 	 0.00280524249421 
3.82244222808 	 12.3393237825 	 12.8233267244 	 0.258794207533 	 0.249352082065 	 0.103279857535 	 7.89860624491e-05 	 0.896641156402 	 6.31529011605e-05 	 6.31529011605e-05 	 1.09926367553 	 0.622666547279 	 0.0042739042549 	 0.00341717822879 	 0.00341717822879 
3.83609456589 	 12.3393237825 	 12.8233267244 	 0.258057709178 	 0.248642454905 	 0.103185433144 	 8.74211793188e-05 	 0.896727145677 	 7.09742006894e-05 	 7.09742006894e-05 	 1.10318983533 	 0.620894510368 	 0.00473032505576 	 0.00384038561879 	 0.00384038561879 
