#t/Tc 	 (Rf-Ro)/Ro 	 (Rfmax-Ro)/Ro 	 H/R 	 H/Rmax 	 Ep/Eo 	 Ek/Eo 	 Ec/Eo 	 Ekx/Eo 	 Eky/Eo 	 t/(d/g)^0.5 	 H/d 	 KE/mgd 	 KEx/mgd 	 KEy/mgd 
0.013651612366 	 0.0 	 0.0 	 5.99911610278 	 5.99041115932 	 1.0 	 0.00108187981607 	 0.0 	 0.00103825002406 	 0.00103825002406 	 0.00392594201364 	 1.08213831564 	 0.0585395728746 	 0.0561788028976 	 0.0561788028976 
0.0273032298491 	 0.000826652063147 	 0.0100209541032 	 5.98312542773 	 5.92005784558 	 0.996291529835 	 0.00356839293523 	 0.000140077230118 	 0.00332380625847 	 0.00332380625847 	 0.00785188549886 	 1.08014603779 	 0.193082628194 	 0.179848256525 	 0.179848256525 
0.0409548319809 	 0.0207695830471 	 0.028346800402 	 5.85114931462 	 5.79960832972 	 0.990832136289 	 0.00679635785091 	 0.00237150585962 	 0.00635365460529 	 0.00635365460529 	 0.0117778245694 	 1.07736883569 	 0.367744993285 	 0.343790706937 	 0.343790706937 
0.0546064596981 	 0.0261442225628 	 0.0486149585595 	 5.80187856688 	 5.66931195955 	 0.983870103424 	 0.0102364628492 	 0.00589343372655 	 0.00935692244684 	 0.00935692244684 	 0.0157037709977 	 1.07392152346 	 0.553886073147 	 0.506294909401 	 0.506294909401 
0.06825806183 	 0.0283491618188 	 0.0698212945175 	 5.76946059416 	 5.53775753112 	 0.975486736709 	 0.0146981072456 	 0.00981515604519 	 0.0139492099511 	 0.0139492099511 	 0.0196297100682 	 1.07021569892 	 0.795301758517 	 0.754779579344 	 0.754779579344 
0.0819096895472 	 0.0862396258168 	 0.0914981184478 	 5.44055055967 	 5.40648329735 	 0.965512033798 	 0.0195003778857 	 0.0149875883168 	 0.0182949402968 	 0.0182949402968 	 0.0235556564966 	 1.0660166791 	 1.05514843272 	 0.989923256569 	 0.989923256569 
0.0955612916791 	 0.09200337226 	 0.115172417653 	 5.39010321296 	 5.27045860247 	 0.954358401568 	 0.0245051495424 	 0.0211364488895 	 0.0227405688594 	 0.0227405688594 	 0.0274815955671 	 1.06173606182 	 1.32595226026 	 1.23047233915 	 1.23047233915 
0.109212919396 	 0.141395132481 	 0.149359744617 	 5.15852242378 	 5.11534254627 	 0.941908081478 	 0.0304811016018 	 0.0276108169201 	 0.0284041668046 	 0.0284041668046 	 0.0314075419954 	 1.06207906 	 1.64930581199 	 1.5369246823 	 1.5369246823 
0.122864521528 	 0.15026452866 	 0.184077120054 	 5.1348875702 	 4.98101720504 	 0.928273792475 	 0.0370634009641 	 0.0346628065607 	 0.0346722474025 	 0.0346722474025 	 0.0353334810659 	 1.06542816643 	 2.00546828723 	 1.87608505436 	 1.87608505436 
0.13651612366 	 0.228449801203 	 0.226667274264 	 4.82130229654 	 4.82130229654 	 0.913243031626 	 0.0442422204188 	 0.0425147479556 	 0.041375984212 	 0.041375984212 	 0.0392594201364 	 1.06835917614 	 2.39390794419 	 2.23881840391 	 2.23881840391 
0.150167751377 	 0.261804511399 	 0.281863867883 	 4.70091112914 	 4.62063406184 	 0.896930869688 	 0.0523205068355 	 0.0507486234766 	 0.0486970210448 	 0.0486970210448 	 0.0431853665648 	 1.06996512972 	 2.83101697364 	 2.63495331911 	 2.63495331911 
0.163819353509 	 0.254684094814 	 0.344440367149 	 4.72698609805 	 4.40500634788 	 0.879156721165 	 0.0614473482406 	 0.059395930594 	 0.057336550387 	 0.057336550387 	 0.0471113056353 	 1.06982865255 	 3.32486239863 	 3.10243071357 	 3.10243071357 
0.177470981226 	 0.290362638049 	 0.408486691626 	 4.58813499694 	 4.1972475502 	 0.859977029525 	 0.0712836302691 	 0.0687393402061 	 0.0659058781671 	 0.0659058781671 	 0.0510372520637 	 1.06793169209 	 3.85709503674 	 3.56610956275 	 3.56610956275 
0.191122583358 	 0.444160754003 	 0.471961395203 	 4.08555214974 	 4.00257281775 	 0.839631679501 	 0.0811984627891 	 0.0791698577104 	 0.0752000845308 	 0.0752000845308 	 0.0549631911342 	 1.06429446719 	 4.3935779734 	 4.06901095962 	 4.06901095962 
0.204774211075 	 0.366724071948 	 0.542334723611 	 4.29514237218 	 3.80057350286 	 0.818044573204 	 0.0924704919099 	 0.0894849348859 	 0.0846675857769 	 0.0846675857769 	 0.0588891375625 	 1.05889748109 	 5.00349763394 	 4.58128919136 	 4.58128919136 
0.218425813207 	 0.514841306823 	 0.633424312996 	 3.84878000569 	 3.56418777129 	 0.795166154616 	 0.103922669763 	 0.100911175622 	 0.0951752762832 	 0.0951752762832 	 0.062815076633 	 1.051685132 	 5.62316498518 	 5.14985115638 	 5.14985115638 
0.232077440924 	 0.598526117401 	 0.734280225355 	 3.61566006697 	 3.32780156438 	 0.771502903059 	 0.11341953505 	 0.115077561891 	 0.100889639751 	 0.100889639751 	 0.0667410230614 	 1.04256426883 	 6.1370320796 	 5.45905037768 	 5.45905037768 
0.245729043056 	 0.694283650944 	 0.840892719948 	 3.39078737955 	 3.11621606832 	 0.746996695201 	 0.1235904966 	 0.129412808199 	 0.110059351313 	 0.110059351313 	 0.0706669621319 	 1.03629209581 	 6.68737393459 	 5.95521546946 	 5.95521546946 
0.259380696359 	 0.699667497722 	 0.943825255091 	 3.35927101898 	 2.93306141788 	 0.72211923716 	 0.132880335315 	 0.145000427526 	 0.116171607626 	 0.116171607626 	 0.0745929159181 	 1.02992243909 	 7.19003900176 	 6.2859443254 	 6.2859443254 
0.273032298491 	 0.805485366857 	 1.04794100553 	 3.13699335699 	 2.76159186516 	 0.696303406481 	 0.143762719728 	 0.159933873791 	 0.125432586258 	 0.125432586258 	 0.0785188549886 	 1.0216522114 	 7.77887532719 	 6.78704779871 	 6.78704779871 
0.286683900623 	 0.923082127182 	 1.14849631724 	 2.9155544657 	 2.6058759735 	 0.670401398723 	 0.149456236071 	 0.180142365206 	 0.123475526634 	 0.123475526634 	 0.0824447940591 	 1.01138031855 	 8.08694652871 	 6.68115301001 	 6.68115301001 
0.300335502754 	 1.08507750914 	 1.24640738262 	 2.65613174565 	 2.46179940969 	 0.644742635429 	 0.157491954706 	 0.197765409864 	 0.129382520231 	 0.129382520231 	 0.0863707331296 	 0.999004222127 	 8.52175225266 	 7.00077527954 	 7.00077527954 
0.313987104886 	 1.17565375568 	 1.34353976443 	 2.50834614572 	 2.32527480775 	 0.618688599881 	 0.164736994443 	 0.216574405676 	 0.134279746925 	 0.134279746925 	 0.0902966722001 	 0.984402609097 	 8.91377503128 	 7.26575994297 	 7.26575994297 
0.327638707018 	 1.19272281976 	 1.44591786727 	 2.44606327395 	 2.18967126176 	 0.592490935868 	 0.171108873904 	 0.236400190228 	 0.135077094888 	 0.135077094888 	 0.0942226112706 	 0.96749099359 	 9.25855186929 	 7.30890374556 	 7.30890374556 
0.34129030915 	 1.49709290688 	 1.55389785494 	 2.10478103847 	 2.05497936368 	 0.56692960475 	 0.173420200277 	 0.259650194974 	 0.132393443218 	 0.132393443218 	 0.0981485503411 	 0.948062854597 	 9.38361572262 	 7.16369369524 	 7.16369369524 
0.354941911282 	 1.27857493991 	 1.66677379562 	 2.25310895539 	 1.92233333074 	 0.542167553439 	 0.178029582088 	 0.279802864472 	 0.130835805115 	 0.130835805115 	 0.102074489412 	 0.926064034511 	 9.6330253506 	 7.07941125657 	 7.07941125657 
0.368593513414 	 1.42764532663 	 1.77861522238 	 2.06181362941 	 1.79876984295 	 0.516835019946 	 0.185096102562 	 0.298068877492 	 0.134228275859 	 0.134228275859 	 0.106000428482 	 0.902880245977 	 10.0153886077 	 7.26297488849 	 7.26297488849 
0.382245115545 	 1.64003806202 	 1.89188370273 	 1.87555393275 	 1.70973296856 	 0.492390295151 	 0.186237234915 	 0.321372469934 	 0.125914337968 	 0.125914337968 	 0.109926367553 	 0.893172314342 	 10.0771342836 	 6.81311496337 	 6.81311496337 
0.395896717677 	 1.89426659749 	 2.00445664435 	 1.69579661517 	 1.63123195296 	 0.469160952746 	 0.188539658003 	 0.342299389251 	 0.121359366987 	 0.121359366987 	 0.113852306623 	 0.885335347515 	 10.201716388 	 6.56664945793 	 6.56664945793 
0.409548319809 	 1.88435758126 	 2.12171208055 	 1.6836007187 	 1.55333354846 	 0.446831010108 	 0.186790918448 	 0.366378071444 	 0.111749094007 	 0.111749094007 	 0.117778245694 	 0.875958860437 	 10.1070936165 	 6.04664597225 	 6.04664597225 
0.423199921941 	 2.02740001313 	 2.24331223533 	 1.5842052858 	 1.47659662263 	 0.425248943407 	 0.187932722747 	 0.386818333846 	 0.109593138356 	 0.109593138356 	 0.121704184764 	 0.865120840064 	 10.1688756509 	 5.92998909311 	 5.92998909311 
0.436851524073 	 2.08733168723 	 2.36515702786 	 1.53142646865 	 1.40295412279 	 0.404312952818 	 0.18846087233 	 0.407226174851 	 0.101583843998 	 0.101583843998 	 0.125630123835 	 0.852854503061 	 10.197453364 	 5.49661316378 	 5.49661316378 
0.450503126205 	 2.28270339644 	 2.48815905292 	 1.41698733642 	 1.33159053199 	 0.385314350634 	 0.185420148537 	 0.429265500829 	 0.0877499534257 	 0.0877499534257 	 0.129556062905 	 0.83906019943 	 10.0329224527 	 4.74807341538 	 4.74807341538 
0.46415498419 	 2.45026637011 	 2.61471552067 	 1.32382442137 	 1.26176435526 	 0.367333074746 	 0.184106997999 	 0.448559927255 	 0.0825116637233 	 0.0825116637233 	 0.133482075554 	 0.823907623008 	 9.9618690228 	 4.46463413015 	 4.46463413015 
0.477806586322 	 2.51473282125 	 2.74038457695 	 1.27348360762 	 1.19491987048 	 0.349919929231 	 0.185168504747 	 0.464911566022 	 0.0775693662491 	 0.0775693662491 	 0.137408014625 	 0.807385942274 	 10.0193062267 	 4.19721072612 	 4.19721072612 
0.491458188454 	 2.71098762704 	 2.86488121078 	 1.17932706814 	 1.13072498211 	 0.33372821362 	 0.181872609447 	 0.484399176933 	 0.0658938503331 	 0.0658938503331 	 0.141333953695 	 0.789440277518 	 9.84096820783 	 3.56545874715 	 3.56545874715 
0.505109790586 	 2.86858273806 	 2.98165296775 	 1.10367030539 	 1.07077249528 	 0.318920538854 	 0.180536108784 	 0.500543352362 	 0.0591820165739 	 0.0591820165739 	 0.145259892766 	 0.770170278738 	 9.76865132309 	 3.20228727872 	 3.20228727872 
0.518761392718 	 2.97033259835 	 3.12486838729 	 1.04704354768 	 1.00635429174 	 0.30507408289 	 0.178862123225 	 0.516063793885 	 0.0517066169382 	 0.0517066169382 	 0.149185831836 	 0.749872007521 	 9.67807342511 	 2.79779992694 	 2.79779992694 
0.53241299485 	 3.16613024354 	 3.26643050329 	 0.969103814604 	 0.944947836393 	 0.292251672684 	 0.176971099097 	 0.530777228219 	 0.0440454410225 	 0.0440454410225 	 0.153111770907 	 0.728280452642 	 9.57575175951 	 2.38326038275 	 2.38326038275 
0.546064596981 	 3.21530903577 	 3.40044962181 	 0.932320540629 	 0.891799004762 	 0.280305480106 	 0.17572766296 	 0.543966856934 	 0.0389261193655 	 0.0389261193655 	 0.157037709977 	 0.70890849314 	 9.50847051507 	 2.10625835465 	 2.10625835465 
0.559716199113 	 3.28773416471 	 3.5296159587 	 0.89713179496 	 0.847992640018 	 0.269067854622 	 0.174223679748 	 0.55670846563 	 0.0346436057027 	 0.0346436057027 	 0.160963649048 	 0.693872391679 	 9.42709129573 	 1.87453527698 	 1.87453527698 
0.573367801245 	 3.48330843369 	 3.66895155133 	 0.838023006528 	 0.803534552727 	 0.25886368214 	 0.171275012561 	 0.569861305299 	 0.0293200124512 	 0.0293200124512 	 0.164889588118 	 0.677719632566 	 9.26754148706 	 1.58648029114 	 1.58648029114 
0.587019403377 	 3.73993886378 	 3.8158341388 	 0.772723280267 	 0.759441945554 	 0.249325072205 	 0.16766373939 	 0.583011188405 	 0.0258470929683 	 0.0258470929683 	 0.168815527189 	 0.660681649309 	 9.0721386467 	 1.39856364814 	 1.39856364814 
0.600671005509 	 3.88359618067 	 3.95939892663 	 0.729859353278 	 0.717660832194 	 0.240829154529 	 0.16342439826 	 0.595746447211 	 0.0212244402228 	 0.0212244402228 	 0.172741466259 	 0.642945899439 	 8.84275159711 	 1.14843594149 	 1.14843594149 
0.614322607641 	 3.80325280581 	 4.09739940471 	 0.720201505835 	 0.677657377891 	 0.233337460202 	 0.160094334504 	 0.606568205294 	 0.0181070473868 	 0.0181070473868 	 0.17666740533 	 0.624000557462 	 8.66256475286 	 0.979756535154 	 0.979756535154 
0.627974209772 	 4.03228946993 	 4.23126262663 	 0.665686193401 	 0.639437358016 	 0.226288410325 	 0.157188722259 	 0.616522867415 	 0.0163433973491 	 0.0163433973491 	 0.1805933444 	 0.604269496919 	 8.50534460954 	 0.88432697045 	 0.88432697045 
0.641625811904 	 4.19732765205 	 4.36395862264 	 0.622694324224 	 0.602474887825 	 0.219842432015 	 0.153800467977 	 0.626357100009 	 0.013795161283 	 0.013795161283 	 0.184519283471 	 0.583781746287 	 8.32200912667 	 0.746444140329 	 0.746444140329 
0.655277414036 	 4.21429303435 	 4.49659465842 	 0.598463085728 	 0.566902607886 	 0.213769383753 	 0.151124258109 	 0.635106358138 	 0.012649143882 	 0.012649143882 	 0.188445222541 	 0.562896189976 	 8.17720174577 	 0.684434138692 	 0.684434138692 
0.668929016168 	 4.54676328688 	 4.62599284155 	 0.541236448982 	 0.532840046866 	 0.208187864016 	 0.147447621387 	 0.644364514597 	 0.0111718940428 	 0.0111718940428 	 0.192371161612 	 0.541529569693 	 7.97826214073 	 0.604501438843 	 0.604501438843 
0.6825806183 	 4.68415165883 	 4.75499528713 	 0.50663228907 	 0.49966958463 	 0.202962643664 	 0.144475553679 	 0.652561802657 	 0.00982666816063 	 0.00982666816063 	 0.196297100682 	 0.519462294391 	 7.8174461503 	 0.531712440107 	 0.531712440107 
0.696232220432 	 4.90191543089 	 4.89335152927 	 0.466789186843 	 0.466789186843 	 0.197980667777 	 0.141263937211 	 0.660755395013 	 0.00923981737179 	 0.00923981737179 	 0.200223039753 	 0.496946088629 	 7.64366838542 	 0.499958455968 	 0.499958455968 
0.709883822563 	 5.0324664095 	 5.02371307349 	 0.435549764521 	 0.435549764521 	 0.193580933128 	 0.137019959653 	 0.669399107219 	 0.00809806346833 	 0.00809806346833 	 0.204148978823 	 0.473945280598 	 7.41403046277 	 0.438179148466 	 0.438179148466 
0.723535424695 	 4.9240168645 	 5.1420226106 	 0.421669293084 	 0.406112367916 	 0.189605700387 	 0.133155950779 	 0.677238348834 	 0.00715377098634 	 0.00715377098634 	 0.208074917894 	 0.450592303699 	 7.20495231408 	 0.38708430619 	 0.38708430619 
0.737187026827 	 5.0600001281 	 5.24277179375 	 0.390728396326 	 0.378738551143 	 0.185566632773 	 0.130462959059 	 0.683970408169 	 0.00678372526546 	 0.00678372526546 	 0.212000856964 	 0.4271133201 	 7.0592368818 	 0.367061455109 	 0.367061455109 
0.750838628959 	 5.27769184333 	 5.33078942046 	 0.356556018582 	 0.353052476185 	 0.181828428995 	 0.126543783416 	 0.691627787589 	 0.00578829097078 	 0.00578829097078 	 0.215926796035 	 0.40375998215 	 6.84717370735 	 0.31319937397 	 0.31319937397 
0.764490486945 	 5.3867778904 	 5.45213694278 	 0.330660603534 	 0.32683612704 	 0.178480289891 	 0.123857343169 	 0.69766236694 	 0.00536076530622 	 0.00536076530622 	 0.219852808684 	 0.380942804512 	 6.7018127696 	 0.29006633329 	 0.29006633329 
0.778142089077 	 5.49669659427 	 5.5684957736 	 0.305711960061 	 0.301931520746 	 0.17532399138 	 0.120101618399 	 0.704574390222 	 0.00470325267237 	 0.00470325267237 	 0.223778747754 	 0.358261815204 	 6.49859377927 	 0.254488898372 	 0.254488898372 
0.791793691209 	 5.46066817506 	 5.67950615152 	 0.294849100901 	 0.284775258171 	 0.172505681724 	 0.116372452296 	 0.711121865981 	 0.00451749655082 	 0.00451749655082 	 0.227704686825 	 0.343615504095 	 6.29681185524 	 0.244437796712 	 0.244437796712 
0.80544529334 	 5.50800551475 	 5.78729866353 	 0.293612176281 	 0.281121705586 	 0.169637648061 	 0.114018726128 	 0.716343625811 	 0.00441730939705 	 0.00441730939705 	 0.231630625895 	 0.344681109177 	 6.16945378601 	 0.239016757238 	 0.239016757238 
0.819096895472 	 5.59875309644 	 5.89851690359 	 0.288361956264 	 0.275431415372 	 0.16679849128 	 0.111529048479 	 0.721672460241 	 0.00413402870789 	 0.00413402870789 	 0.235556564966 	 0.343237989467 	 6.03473950074 	 0.223688686319 	 0.223688686319 
0.832748497604 	 5.84017553046 	 6.002064231 	 0.27480609471 	 0.268063004766 	 0.164296080253 	 0.108542567529 	 0.727161352217 	 0.00374265709972 	 0.00374265709972 	 0.239482504036 	 0.339069803379 	 5.87314362234 	 0.202511910085 	 0.202511910085 
0.846400099736 	 5.88926625322 	 6.09385535513 	 0.26847093305 	 0.260349817428 	 0.161972356476 	 0.105759652631 	 0.732267990893 	 0.00349211530124 	 0.00349211530124 	 0.243408443107 	 0.333630502142 	 5.72256252536 	 0.188955311974 	 0.188955311974 
0.860051701868 	 5.99105054067 	 6.17346655698 	 0.267871556313 	 0.260680970669 	 0.159838054286 	 0.102912062926 	 0.737249882787 	 0.00332946404408 	 0.00332946404408 	 0.247334382177 	 0.337803815151 	 5.56848193106 	 0.180154394367 	 0.180154394367 
0.873703304 	 6.06727866941 	 6.2825502127 	 0.266871225415 	 0.258606742066 	 0.157725170376 	 0.100176789002 	 0.742098040622 	 0.00324666685369 	 0.00324666685369 	 0.251260321248 	 0.340211879002 	 5.42047864561 	 0.175674310638 	 0.175674310638 
0.887354906131 	 6.27953009334 	 6.40425749643 	 0.259401731257 	 0.254661953947 	 0.155728398741 	 0.0977213134059 	 0.746550287853 	 0.00355955012541 	 0.00355955012541 	 0.255186260318 	 0.340621238303 	 5.28761500359 	 0.192604151471 	 0.192604151471 
0.901006508263 	 6.21140835891 	 6.51915729488 	 0.26007860422 	 0.249072000749 	 0.153796453099 	 0.094309742596 	 0.751893804305 	 0.00363687599522 	 0.00363687599522 	 0.259112199389 	 0.338314196442 	 5.10301788377 	 0.196788186817 	 0.196788186817 
0.914658110395 	 6.55883440858 	 6.62694181219 	 0.250885967616 	 0.248284800839 	 0.151932911564 	 0.0917782531049 	 0.756288835331 	 0.00368900388872 	 0.00368900388872 	 0.263038138459 	 0.342079233302 	 4.96604119621 	 0.199608781651 	 0.199608781651 
0.928309712527 	 6.53702520548 	 6.73552180194 	 0.25522735119 	 0.248317273532 	 0.150026533469 	 0.0890480859701 	 0.760925380561 	 0.00379153613415 	 0.00379153613415 	 0.26696407753 	 0.34699457774 	 4.8183142347 	 0.205156711989 	 0.205156711989 
0.941961314659 	 6.61887376763 	 6.86419246756 	 0.255105043253 	 0.246788576726 	 0.14805944505 	 0.086716282042 	 0.765224272908 	 0.00402944198746 	 0.00402944198746 	 0.2708900166 	 0.350594686633 	 4.69214235871 	 0.218029590131 	 0.218029590131 
0.955612916791 	 6.94065959229 	 6.9898611241 	 0.246201172717 	 0.244330019662 	 0.146190158376 	 0.083599611548 	 0.770210230076 	 0.00403184587439 	 0.00403184587439 	 0.274815955671 	 0.352648631943 	 4.52350203768 	 0.218159662356 	 0.218159662356 
0.969264518922 	 6.84256221307 	 7.10992150006 	 0.249436576295 	 0.240863406159 	 0.144463290664 	 0.0802418804141 	 0.775294828922 	 0.00396251112281 	 0.00396251112281 	 0.278741894741 	 0.35286908951 	 4.34181813574 	 0.214408019444 	 0.214408019444 
0.982916121054 	 6.96396997952 	 7.22227498723 	 0.244417825881 	 0.236395855575 	 0.142730409035 	 0.0779163255841 	 0.779353265381 	 0.00386712166372 	 0.00386712166372 	 0.282667833812 	 0.351121965098 	 4.21598439301 	 0.209246579044 	 0.209246579044 
0.996567723186 	 6.95469466315 	 7.32627401507 	 0.241864068582 	 0.230735029998 	 0.14099287418 	 0.0757286876776 	 0.783278438142 	 0.00386918117832 	 0.00386918117832 	 0.286593772882 	 0.347048663138 	 4.09761321467 	 0.209358017581 	 0.209358017581 
1.01021932532 	 7.16160587471 	 7.42408514673 	 0.231331494336 	 0.223798411136 	 0.139394348161 	 0.0728850960522 	 0.787720555787 	 0.00377837271133 	 0.00377837271133 	 0.290519711953 	 0.340569608051 	 3.94374895293 	 0.204444450666 	 0.204444450666 
1.02387092745 	 7.34822507994 	 7.51915809435 	 0.22009389041 	 0.215364850446 	 0.137889373829 	 0.0708440935692 	 0.791266532602 	 0.00384596376296 	 0.00384596376296 	 0.294445651023 	 0.331434447271 	 3.83331208942 	 0.208101743494 	 0.208101743494 
1.03752252958 	 7.41447333657 	 7.61158479696 	 0.210635412013 	 0.205515512059 	 0.136453139575 	 0.0684866381011 	 0.795060222323 	 0.0039206992808 	 0.0039206992808 	 0.298371590094 	 0.319708242138 	 3.70575223099 	 0.212145617155 	 0.212145617155 
1.05117413171 	 7.47473286929 	 7.70268437972 	 0.202542781997 	 0.196951330982 	 0.134903800006 	 0.0667500103732 	 0.798346189621 	 0.00389245402923 	 0.00389245402923 	 0.302297529164 	 0.309626623013 	 3.61178481989 	 0.210617291238 	 0.210617291238 
1.0648259897 	 7.63788956729 	 7.80185461002 	 0.204324744678 	 0.200227528392 	 0.133452883732 	 0.0641685112985 	 0.802378604969 	 0.00358576106036 	 0.00358576106036 	 0.306223541813 	 0.318364122535 	 3.4721021574 	 0.194022402291 	 0.194022402291 
1.07847759183 	 7.62659665944 	 7.90460646499 	 0.210453523705 	 0.203587133938 	 0.132031499486 	 0.0619369113228 	 0.806031589191 	 0.00357159475808 	 0.00357159475808 	 0.310149480884 	 0.327484841286 	 3.35135222985 	 0.193255876035 	 0.193255876035 
1.09212919396 	 7.85520098254 	 8.00609915504 	 0.210025252548 	 0.206206608203 	 0.130638773739 	 0.0597800989407 	 0.809581127321 	 0.00354685202522 	 0.00354685202522 	 0.314075419954 	 0.335479081805 	 3.23464899374 	 0.191917068349 	 0.191917068349 
1.10578079609 	 7.86763479032 	 8.10863115582 	 0.214208499612 	 0.208238365571 	 0.129307615047 	 0.0575486333542 	 0.813143751599 	 0.00348973661227 	 0.00348973661227 	 0.318001359025 	 0.342641533686 	 3.11390633787 	 0.188826603189 	 0.188826603189 
1.11943239823 	 8.0559433281 	 8.21013583791 	 0.213755724516 	 0.209872134462 	 0.128078508159 	 0.0551750343826 	 0.816746457459 	 0.00337702102469 	 0.00337702102469 	 0.321927298095 	 0.349178068047 	 2.98547296856 	 0.182727661093 	 0.182727661093 
1.13308400036 	 8.10757605599 	 8.30903424849 	 0.216173061556 	 0.211187941268 	 0.126830536386 	 0.0532845310127 	 0.819884932601 	 0.00312295150952 	 0.00312295150952 	 0.325853237166 	 0.355140242929 	 2.88317948074 	 0.168980181311 	 0.168980181311 
1.14673560249 	 8.25265449386 	 8.40550227089 	 0.215983419135 	 0.212165189434 	 0.125578180165 	 0.0513665282514 	 0.823055291583 	 0.00292862471629 	 0.00292862471629 	 0.329779176236 	 0.360480905111 	 2.77939802483 	 0.158465328085 	 0.158465328085 
1.16038720462 	 8.29522807591 	 8.49846062092 	 0.217674659578 	 0.212708116775 	 0.124484235222 	 0.0488555331144 	 0.826660231663 	 0.00273312537723 	 0.00273312537723 	 0.333705115307 	 0.364975264415 	 2.64353026889 	 0.147887029428 	 0.147887029428 
1.17403880675 	 8.43085105531 	 8.58710583141 	 0.216422968666 	 0.212586694441 	 0.123341641386 	 0.0469515740252 	 0.829706784589 	 0.0027254769515 	 0.0027254769515 	 0.337631054377 	 0.368171140927 	 2.54050870384 	 0.147473179784 	 0.147473179784 
1.18769040889 	 8.51082613966 	 8.68277438403 	 0.215555862349 	 0.211420761846 	 0.122229251524 	 0.0450297579701 	 0.832740990506 	 0.00273942151158 	 0.00273942151158 	 0.341556993448 	 0.369805689726 	 2.43652091394 	 0.148227707764 	 0.148227707764 
1.20134201102 	 8.56662215155 	 8.77890263177 	 0.2141574353 	 0.209204499607 	 0.121292592349 	 0.0432623719124 	 0.835445035738 	 0.00268304019968 	 0.00268304019968 	 0.345482932518 	 0.369561980493 	 2.34088919645 	 0.145176964171 	 0.145176964171 
1.21499361315 	 8.7241824351 	 8.86869907877 	 0.209207789791 	 0.205845040386 	 0.120237149914 	 0.0419531018625 	 0.837809748224 	 0.00290975983137 	 0.00290975983137 	 0.349408871589 	 0.366966531321 	 2.27004573643 	 0.157444565622 	 0.157444565622 
1.22864521528 	 8.80460587311 	 8.95045285966 	 0.204941413953 	 0.201644502811 	 0.119215657552 	 0.0408057540083 	 0.83997858844 	 0.00289959664759 	 0.00289959664759 	 0.353334810659 	 0.362456069154 	 2.20796374514 	 0.156894644616 	 0.156894644616 
1.24229681741 	 8.89914444514 	 9.04615738842 	 0.202240182722 	 0.198991486966 	 0.118194921129 	 0.0395718595048 	 0.842233219366 	 0.00292768735157 	 0.00292768735157 	 0.35726074973 	 0.361127546942 	 2.14119879016 	 0.158414608098 	 0.158414608098 
1.25594841954 	 9.0413005779 	 9.14534760547 	 0.200147388019 	 0.197807305619 	 0.117118665166 	 0.0384089896972 	 0.844472345137 	 0.00311239523731 	 0.00311239523731 	 0.3611866888 	 0.362522863537 	 2.07827691951 	 0.168408990632 	 0.168408990632 
1.26960002168 	 9.08353389153 	 9.24252715599 	 0.201991746381 	 0.198567709858 	 0.115997640797 	 0.0373299283588 	 0.846672430844 	 0.00326647414293 	 0.00326647414293 	 0.365112627871 	 0.367402319534 	 2.019889852 	 0.176746065776 	 0.176746065776 
1.28325162381 	 9.19227566705 	 9.33372667247 	 0.201899091891 	 0.198846486367 	 0.114881689622 	 0.036332441269 	 0.848785869109 	 0.00343549880822 	 0.00343549880822 	 0.369038566941 	 0.371194074147 	 1.96591669591 	 0.185891842936 	 0.185891842936 
1.29690322594 	 9.30387169399 	 9.43291688952 	 0.201595533067 	 0.198813084803 	 0.113799654922 	 0.0356503656478 	 0.85054997943 	 0.00357104208247 	 0.00357104208247 	 0.372964506012 	 0.374694099781 	 1.92901017918 	 0.19322597124 	 0.19322597124 
1.31055482807 	 9.30463629711 	 9.52906512401 	 0.204302118738 	 0.19965725289 	 0.112805846737 	 0.0344083405973 	 0.852785812666 	 0.00358038045249 	 0.00358038045249 	 0.376890445082 	 0.379752853564 	 1.86180528741 	 0.193731262294 	 0.193731262294 
1.3242064302 	 9.35651321763 	 9.61864571416 	 0.205713261948 	 0.200343883615 	 0.111875991015 	 0.0331736397586 	 0.854950369226 	 0.0036736415225 	 0.0036736415225 	 0.380816384153 	 0.384300865005 	 1.79499670234 	 0.198777537419 	 0.198777537419 
1.33785803234 	 9.47148790966 	 9.72018237505 	 0.205896994694 	 0.20082861546 	 0.111006980007 	 0.0317452672741 	 0.857247752718 	 0.00359305503456 	 0.00359305503456 	 0.384742323223 	 0.388914298836 	 1.7177087135 	 0.194417072871 	 0.194417072871 
1.35150963447 	 9.64138592522 	 9.82319006035 	 0.205053328358 	 0.201316372629 	 0.110214587646 	 0.0304013752048 	 0.859384037149 	 0.00348572005485 	 0.00348572005485 	 0.388668262294 	 0.393604925309 	 1.64499188621 	 0.188609270772 	 0.188609270772 
1.3651612366 	 9.71000004804 	 9.92496656218 	 0.206050262616 	 0.201702784395 	 0.109466106958 	 0.0289366336411 	 0.861597259401 	 0.00314901965593 	 0.00314901965593 	 0.392594201364 	 0.398068811934 	 1.56573599823 	 0.170390705968 	 0.170390705968 
1.37881309459 	 9.80443453796 	 10.0206590989 	 0.206128690193 	 0.201791227541 	 0.108715996801 	 0.0277963580189 	 0.86348764518 	 0.00292050928806 	 0.00292050928806 	 0.396520214014 	 0.401731599231 	 1.50403667924 	 0.158026209344 	 0.158026209344 
1.39246469672 	 9.95440083138 	 10.1089005771 	 0.204132120565 	 0.201001019407 	 0.107953153266 	 0.0263980887167 	 0.865648758017 	 0.00277235862633 	 0.00277235862633 	 0.400446153084 	 0.403362465312 	 1.42837754733 	 0.150009906304 	 0.150009906304 
1.40611629885 	 10.0513252854 	 10.1895830685 	 0.20221349884 	 0.199425167661 	 0.10723042491 	 0.0253879018468 	 0.867381673243 	 0.00257723557706 	 0.00257723557706 	 0.404372092155 	 0.403106696985 	 1.37371721722 	 0.139451968359 	 0.139451968359 
1.41976790098 	 10.040120447 	 10.260416092 	 0.201113039745 	 0.196892406773 	 0.106526443848 	 0.0247265389622 	 0.86874701719 	 0.00240864095723 	 0.00240864095723 	 0.408298031225 	 0.400506481943 	 1.33793144859 	 0.130329460584 	 0.130329460584 
1.43341950311 	 10.1968480738 	 10.324793397 	 0.195681593591 	 0.193190087382 	 0.105928176696 	 0.0234055602526 	 0.870666263051 	 0.00217935953128 	 0.00217935953128 	 0.412223970295 	 0.395222143674 	 1.26645444321 	 0.11792324268 	 0.11792324268 
1.44707110524 	 10.312235091 	 10.4070468465 	 0.190745685866 	 0.188885789548 	 0.10553030065 	 0.022153052844 	 0.872316646505 	 0.00205134373248 	 0.00205134373248 	 0.416149909366 	 0.389223141618 	 1.19868236018 	 0.110996419505 	 0.110996419505 
1.46072270738 	 10.3653890189 	 10.4859185388 	 0.186859138053 	 0.184630004204 	 0.105109679231 	 0.0211347018298 	 0.873755618939 	 0.00199045870228 	 0.00199045870228 	 0.420075848436 	 0.383084124095 	 1.14358027535 	 0.107701983645 	 0.107701983645 
1.47437430951 	 10.5098629799 	 10.5786090665 	 0.184046026775 	 0.182687811662 	 0.104695155723 	 0.0204370034634 	 0.874867840814 	 0.00193031785231 	 0.00193031785231 	 0.424001787507 	 0.382113258721 	 1.1058284255 	 0.104447814728 	 0.104447814728 
1.48802591164 	 10.571451561 	 10.6718672177 	 0.185492155383 	 0.183629484825 	 0.104306535734 	 0.0194736680308 	 0.876219796236 	 0.0019789919432 	 0.0019789919432 	 0.427927726577 	 0.387176417323 	 1.05370318578 	 0.107081527316 	 0.107081527316 
1.50167751377 	 10.663604251 	 10.7592812447 	 0.186759683292 	 0.184971360779 	 0.103978911646 	 0.0185348082325 	 0.877486280122 	 0.00200617887976 	 0.00200617887976 	 0.431853665648 	 0.392926583225 	 1.00290230128 	 0.108552588732 	 0.108552588732 
1.5153291159 	 10.670001297 	 10.8403394869 	 0.189865597512 	 0.186862603172 	 0.103682751431 	 0.0176908608116 	 0.878626387758 	 0.00202614071659 	 0.00202614071659 	 0.435779604718 	 0.399680253486 	 0.957237042704 	 0.109632706306 	 0.109632706306 
1.52898071804 	 10.6941243253 	 10.9151258885 	 0.192665816567 	 0.188817874117 	 0.103356857604 	 0.0170654806371 	 0.879577661759 	 0.00201100681202 	 0.00201100681202 	 0.439705543789 	 0.406413271647 	 0.923398267127 	 0.108813823934 	 0.108813823934 
1.54263232017 	 10.6899170065 	 10.9831167969 	 0.195837165868 	 0.190768258763 	 0.102981693334 	 0.0162608420593 	 0.880757464607 	 0.00204387673217 	 0.00204387673217 	 0.443631482859 	 0.412954355246 	 0.87985997575 	 0.110592386634 	 0.110592386634 
1.5562839223 	 10.7953441675 	 11.0366892677 	 0.19709215309 	 0.192860046334 	 0.102656320266 	 0.0155878629076 	 0.881755816827 	 0.0020221611162 	 0.0020221611162 	 0.44755742193 	 0.419348852256 	 0.843445661046 	 0.109417373601 	 0.109417373601 
1.56993552443 	 10.6470031561 	 11.1103004487 	 0.202514801746 	 0.194484686506 	 0.102258964978 	 0.0150335208679 	 0.882707514154 	 0.00204673754241 	 0.00204673754241 	 0.451483361 	 0.425467578729 	 0.813450696959 	 0.11074718258 	 0.11074718258 
1.58358712656 	 11.0985593436 	 11.1798143471 	 0.197623197785 	 0.196019951604 	 0.10189361112 	 0.014447741833 	 0.883658647047 	 0.00208071953325 	 0.00208071953325 	 0.455409300071 	 0.43128771626 	 0.78175470449 	 0.112585918454 	 0.112585918454 
1.59723872869 	 10.9549220425 	 11.2474654809 	 0.202621038966 	 0.197494236915 	 0.101528828417 	 0.0137268831666 	 0.884744288417 	 0.00208981264297 	 0.00208981264297 	 0.459335239141 	 0.436945019919 	 0.742749671022 	 0.113077938686 	 0.113077938686 
1.61089033083 	 10.9951297584 	 11.3161958989 	 0.204400021759 	 0.198782736375 	 0.101175855165 	 0.013007620372 	 0.885816524463 	 0.00206295495996 	 0.00206295495996 	 0.463261178212 	 0.442263802427 	 0.703830988787 	 0.111624692893 	 0.111624692893 
1.62454193296 	 11.3003505165 	 11.3955712571 	 0.201753821279 	 0.199913478072 	 0.100750530123 	 0.0124066150399 	 0.886842854837 	 0.00206176561548 	 0.00206176561548 	 0.467187117282 	 0.447646057651 	 0.671311114664 	 0.111560338501 	 0.111560338501 
1.63819353509 	 11.1664569012 	 11.4682790373 	 0.206388195636 	 0.201099887565 	 0.100349680716 	 0.0117394011852 	 0.887910918098 	 0.00200189858352 	 0.00200189858352 	 0.471113056353 	 0.452943971428 	 0.63520875515 	 0.108320985637 	 0.108320985637 
1.65184513722 	 11.4441399376 	 11.5350907278 	 0.204062303668 	 0.202287736248 	 0.0999013751208 	 0.0113484176259 	 0.888750207253 	 0.0019860070598 	 0.0019860070598 	 0.475038995423 	 0.458060854376 	 0.614052975899 	 0.107461109155 	 0.107461109155 
1.66549673935 	 11.17879063 	 11.594051625 	 0.21064097642 	 0.203399986225 	 0.0994813920504 	 0.0107794842781 	 0.889739123671 	 0.00183745994992 	 0.00183745994992 	 0.478964934494 	 0.462745848458 	 0.58326848886 	 0.0994233546507 	 0.0994233546507 
1.67914859734 	 11.4466098859 	 11.6492909902 	 0.208030752625 	 0.20440042725 	 0.0990955606373 	 0.0101890973732 	 0.890715341989 	 0.00181273737544 	 0.00181273737544 	 0.482890947143 	 0.467061559869 	 0.551323168569 	 0.0980856377167 	 0.0980856377167 
1.69280019947 	 11.2395425512 	 11.7016082934 	 0.21324698967 	 0.205191206442 	 0.0986802979879 	 0.00964222569357 	 0.891677476319 	 0.00178342204981 	 0.00178342204981 	 0.486816886214 	 0.470807749881 	 0.521732419146 	 0.0964994110255 	 0.0964994110255 
1.7064518016 	 11.738680271 	 11.7592980335 	 0.206151705855 	 0.205519934585 	 0.0982950545276 	 0.00908033937978 	 0.892624606093 	 0.00167206177737 	 0.00167206177737 	 0.490742825284 	 0.473703809879 	 0.49132924097 	 0.0904738038493 	 0.0904738038493 
1.72010340374 	 11.7914619052 	 11.8106319889 	 0.20618246617 	 0.205575199811 	 0.0979311117566 	 0.00851755097845 	 0.893551337265 	 0.00161623381303 	 0.00161623381303 	 0.494668764355 	 0.475737536349 	 0.460877251623 	 0.0874530014102 	 0.0874530014102 
1.73375500587 	 11.8377143891 	 11.8589919166 	 0.205742903498 	 0.205104417945 	 0.0976160194622 	 0.00799929244083 	 0.894384688097 	 0.00151427137784 	 0.00151427137784 	 0.498594703425 	 0.4764398522 	 0.432834734349 	 0.0819359030072 	 0.0819359030072 
1.747406608 	 11.350578136 	 11.9057249232 	 0.213509392719 	 0.204028686375 	 0.0972946276739 	 0.0076011778542 	 0.895104194472 	 0.00147902276872 	 0.00147902276872 	 0.502520642496 	 0.475663448742 	 0.411293101434 	 0.0800286315236 	 0.0800286315236 
1.76105821013 	 11.9214804638 	 11.9509709161 	 0.202992884986 	 0.202236773471 	 0.0969640302248 	 0.00719764906241 	 0.895838320713 	 0.0014729043641 	 0.0014729043641 	 0.506446581566 	 0.47313883772 	 0.389458510601 	 0.0796975699882 	 0.0796975699882 
1.77470981226 	 11.5163248771 	 11.9932628681 	 0.208849512236 	 0.200891440315 	 0.0966047742774 	 0.0068675354145 	 0.896527690308 	 0.001454377972 	 0.001454377972 	 0.510372520637 	 0.471526168595 	 0.371596349146 	 0.078695123076 	 0.078695123076 
1.78836141439 	 11.7785597279 	 12.0336241005 	 0.20685622721 	 0.202513826583 	 0.0962504571333 	 0.00650426122977 	 0.897245281637 	 0.00142697550874 	 0.00142697550874 	 0.514298459707 	 0.476810723495 	 0.351939899979 	 0.0772123996988 	 0.0772123996988 
1.80201301653 	 11.6007955075 	 12.0686608641 	 0.211815813 	 0.203936339289 	 0.0959044217241 	 0.00610083155002 	 0.897994746726 	 0.00137318169303 	 0.00137318169303 	 0.518224398778 	 0.481450730658 	 0.330110672012 	 0.0743016632674 	 0.0743016632674 
1.81566461866 	 11.7660578664 	 12.0978854823 	 0.210675645038 	 0.205040341594 	 0.0955453337632 	 0.00577992020305 	 0.898674746034 	 0.00131816023192 	 0.00131816023192 	 0.522150337848 	 0.485139513607 	 0.312746439032 	 0.0713245000143 	 0.0713245000143 
1.82931622079 	 12.0637326723 	 12.1296324278 	 0.207035699741 	 0.205697645212 	 0.095160661457 	 0.00543538155364 	 0.899403956989 	 0.00125650229579 	 0.00125650229579 	 0.526076276919 	 0.487874400566 	 0.294103753333 	 0.0679882428889 	 0.0679882428889 
1.84296782292 	 11.8752119672 	 12.1728077939 	 0.210689918489 	 0.205631267475 	 0.0948248228288 	 0.0050560277003 	 0.900119149471 	 0.00120091035249 	 0.00120091035249 	 0.530002215989 	 0.489320769731 	 0.273577247326 	 0.0649802113426 	 0.0649802113426 
1.85661942505 	 12.0681081237 	 12.2142323211 	 0.207641440365 	 0.205047358405 	 0.0944950485137 	 0.00474780437434 	 0.900757147112 	 0.00117792274267 	 0.00117792274267 	 0.53392815506 	 0.489465695488 	 0.256899552093 	 0.0637363718326 	 0.0637363718326 
1.87027102719 	 12.0976514274 	 12.2536901527 	 0.20664044281 	 0.203911304673 	 0.0941523392373 	 0.00446248600882 	 0.901385174754 	 0.0011579365478 	 0.0011579365478 	 0.53785409413 	 0.488207289325 	 0.241461224284 	 0.0626549362668 	 0.0626549362668 
1.88392262932 	 12.3127330839 	 12.2934158066 	 0.202290051775 	 0.202290051775 	 0.0937824497439 	 0.00426908314139 	 0.901948467115 	 0.00116251569204 	 0.00116251569204 	 0.541780033201 	 0.485777345801 	 0.230996363877 	 0.0629027097662 	 0.0629027097662 
1.89757423145 	 12.3570320269 	 12.3376504702 	 0.200107623754 	 0.200107623754 	 0.0933968871092 	 0.00402296946728 	 0.902580143424 	 0.00114020523584 	 0.00114020523584 	 0.545705972271 	 0.482135499445 	 0.217679367712 	 0.0616955104476 	 0.0616955104476 
1.91122583358 	 12.1627507778 	 12.376984384 	 0.205820427166 	 0.202230324306 	 0.0930238562681 	 0.00376301706457 	 0.903213126667 	 0.00114844564603 	 0.00114844564603 	 0.549631911342 	 0.488686836885 	 0.203613570018 	 0.0621413918533 	 0.0621413918533 
1.92487743571 	 11.9828648838 	 12.4125008294 	 0.21154199798 	 0.204468655869 	 0.0926509094202 	 0.00357649828427 	 0.903772592296 	 0.00114038901308 	 0.00114038901308 	 0.553557850412 	 0.495407579321 	 0.193521201559 	 0.0617054544738 	 0.0617054544738 
1.93852903784 	 12.1285117701 	 12.4420652223 	 0.211847152908 	 0.206605317977 	 0.0922576026074 	 0.00334769729973 	 0.904394700093 	 0.00110753891533 	 0.00110753891533 	 0.557483789483 	 0.501687912094 	 0.181140979922 	 0.0599279643476 	 0.0599279643476 
1.95218063998 	 12.2464608083 	 12.46601334 	 0.212385241113 	 0.208619315969 	 0.0918916607969 	 0.00315260952762 	 0.904955729675 	 0.00107619212886 	 0.00107619212886 	 0.561409728553 	 0.507480898612 	 0.170584950793 	 0.0582318170823 	 0.0582318170823 
1.96583224211 	 12.2718288186 	 12.4855883578 	 0.214124222553 	 0.210424370404 	 0.0915142623066 	 0.00297590619902 	 0.905509831494 	 0.0010573114532 	 0.0010573114532 	 0.565335667624 	 0.512615906306 	 0.161023687861 	 0.0572102001966 	 0.0572102001966 
1.97948410009 	 12.1344564593 	 12.5014778199 	 0.218206663529 	 0.21196696005 	 0.0911363598567 	 0.00280974066411 	 0.906053899479 	 0.000995753133074 	 0.000995753133074 	 0.569261680273 	 0.516982237027 	 0.152032615751 	 0.053879333206 	 0.053879333206 
1.99313570223 	 11.8725458642 	 12.5144891908 	 0.224112249106 	 0.213157084449 	 0.0907637993777 	 0.00267891277116 	 0.906557287851 	 0.000973684577444 	 0.000973684577444 	 0.573187619343 	 0.520385934331 	 0.144953632615 	 0.0526852229163 	 0.0526852229163 
2.00678730436 	 12.2002043212 	 12.547471317 	 0.219540232325 	 0.213602286615 	 0.0903788750918 	 0.0026025276258 	 0.907018597282 	 0.000990071493378 	 0.000990071493378 	 0.577113558414 	 0.522745472966 	 0.140820499048 	 0.0535719046394 	 0.0535719046394 
2.02043890649 	 12.3690495063 	 12.5860097583 	 0.217338169005 	 0.213557081931 	 0.0900034588422 	 0.00248184275824 	 0.9075146984 	 0.00098684144879 	 0.00098684144879 	 0.581039497484 	 0.524121581662 	 0.134290346166 	 0.053397129745 	 0.053397129745 
2.03409050862 	 12.0748814665 	 12.6169492393 	 0.222304633418 	 0.21314532973 	 0.0896594560698 	 0.00232296783781 	 0.908017576092 	 0.000970036750409 	 0.000970036750409 	 0.584965436555 	 0.52430232365 	 0.125693762844 	 0.0524878421782 	 0.0524878421782 
2.04774211075 	 12.0037453543 	 12.635824721 	 0.223064815237 	 0.212416125975 	 0.0893518391751 	 0.00209929548138 	 0.908548865344 	 0.000929773744011 	 0.000929773744011 	 0.588891375625 	 0.523232891431 	 0.113591046799 	 0.0503092460328 	 0.0503092460328 
2.06139371289 	 12.3710190598 	 12.6497954557 	 0.215843601933 	 0.211128522698 	 0.0890811793123 	 0.00196843567099 	 0.908950385017 	 0.000868432294466 	 0.000868432294466 	 0.592817314696 	 0.520594043963 	 0.106510336638 	 0.0469901137201 	 0.0469901137201 
2.07504531502 	 12.5774138641 	 12.6598967565 	 0.210686545531 	 0.209110483639 	 0.0888014649767 	 0.00189219499404 	 0.909306340029 	 0.000848110966512 	 0.000848110966512 	 0.596743253766 	 0.5159996014 	 0.10238502013 	 0.0458905443955 	 0.0458905443955 
2.08869691715 	 12.6690021089 	 12.6677275631 	 0.206424468196 	 0.206144160122 	 0.0885092692436 	 0.00185017820849 	 0.909640552548 	 0.000857997644493 	 0.000857997644493 	 0.600669192837 	 0.508971532595 	 0.100111528525 	 0.0464255039147 	 0.0464255039147 
2.10234851928 	 12.6867200848 	 12.6726722837 	 0.202191179185 	 0.202105229306 	 0.0882165863495 	 0.00178772250443 	 0.909995691146 	 0.000837770053012 	 0.000837770053012 	 0.604595131907 	 0.499179909405 	 0.0967321048728 	 0.0453310065888 	 0.0453310065888 
2.11600012141 	 12.7057110649 	 12.6858235618 	 0.196732155766 	 0.196732155766 	 0.0879309084929 	 0.00176935989917 	 0.910299731608 	 0.000843606408282 	 0.000843606408282 	 0.608521070978 	 0.486376328937 	 0.095738520324 	 0.0456468066801 	 0.0456468066801 
2.12965172354 	 12.6446108691 	 12.7041234253 	 0.191208410128 	 0.190101808387 	 0.0876623316628 	 0.00170314969664 	 0.910634518641 	 0.000825277568308 	 0.000825277568308 	 0.612447010048 	 0.470612710285 	 0.0921559440357 	 0.0446550491415 	 0.0446550491415 
2.14330332568 	 12.6502873467 	 12.7198410014 	 0.183729016857 	 0.182532344085 	 0.0874169201723 	 0.00159507574428 	 0.910988004083 	 0.000779598172912 	 0.000779598172912 	 0.616372949119 	 0.452392141515 	 0.086308156771 	 0.0421833769133 	 0.0421833769133 
2.15695492781 	 12.3830245297 	 12.7343913517 	 0.179162589882 	 0.174325753993 	 0.0871781777462 	 0.00150593370345 	 0.91131588855 	 0.000721676424723 	 0.000721676424723 	 0.620298888189 	 0.432510956084 	 0.0814847587212 	 0.0390492816573 	 0.0390492816573 
2.17060652994 	 12.6525131023 	 12.7471349001 	 0.167256356665 	 0.1658641031 	 0.0869595265065 	 0.00138409292073 	 0.911656380573 	 0.000638763659613 	 0.000638763659613 	 0.62422482726 	 0.411899004005 	 0.0748920602778 	 0.0345629442811 	 0.0345629442811 
2.18425813207 	 12.4046656002 	 12.7576319385 	 0.161900605132 	 0.157517980271 	 0.0867472923515 	 0.00128278260916 	 0.911969925039 	 0.00057261393223 	 0.00057261393223 	 0.62815076633 	 0.391471332212 	 0.0694102477152 	 0.03098364025 	 0.03098364025 
2.1979097342 	 12.3377968542 	 12.7640556783 	 0.154507972972 	 0.149505764244 	 0.0865189650889 	 0.00126363147523 	 0.912217403436 	 0.000551915978524 	 0.000551915978524 	 0.632076705401 	 0.371732472974 	 0.068373996568 	 0.0298636920346 	 0.0298636920346 
2.21156133634 	 12.422303513 	 12.7689524307 	 0.145723753769 	 0.141848866649 	 0.0862878156529 	 0.00118582432408 	 0.912526360023 	 0.000525137249177 	 0.000525137249177 	 0.636002644471 	 0.352819769982 	 0.0641639195083 	 0.0284147183549 	 0.0284147183549 
2.22521293847 	 12.3822719361 	 12.773525398 	 0.145406947022 	 0.14107149128 	 0.0860706258959 	 0.00112589765691 	 0.912803476447 	 0.000492761881308 	 0.000492761881308 	 0.639928583542 	 0.351002746152 	 0.0609213398355 	 0.0266629154479 	 0.0266629154479 
2.2388645406 	 12.7942248846 	 12.7742089446 	 0.141159968147 	 0.141159968147 	 0.0858765678811 	 0.00102081772809 	 0.913102614391 	 0.000435790096826 	 0.000435790096826 	 0.643854522612 	 0.351240317522 	 0.0552355565725 	 0.0235802218992 	 0.0235802218992 
2.25251614273 	 12.7940767678 	 12.7839304973 	 0.141077178326 	 0.140976165426 	 0.0856915475404 	 0.000994926471465 	 0.913313525988 	 0.000429663124895 	 0.000429663124895 	 0.647780461683 	 0.351030547057 	 0.0538346032676 	 0.023248696794 	 0.023248696794 
2.26616774486 	 12.7116477477 	 12.8013069732 	 0.141687599702 	 0.140562877703 	 0.0855157664578 	 0.000959140809483 	 0.913525092733 	 0.000405070907945 	 0.000405070907945 	 0.651706400753 	 0.350442684282 	 0.0518982723218 	 0.0219180333923 	 0.0219180333923 
2.27981960285 	 12.3875881295 	 12.8182837142 	 0.144682750159 	 0.139969804985 	 0.0853412452739 	 0.000941846598416 	 0.913716908128 	 0.000407852428556 	 0.000407852428556 	 0.655632413402 	 0.349393326483 	 0.0509624976507 	 0.0220685390456 	 0.0220685390456 
2.29347120498 	 12.6530855539 	 12.8342451286 	 0.141325505142 	 0.139272463019 	 0.0851553850007 	 0.000927091167454 	 0.913917523832 	 0.000407515279633 	 0.000407515279633 	 0.659558352473 	 0.34805418938 	 0.0501640941559 	 0.0220502962115 	 0.0220502962115 
2.30712280711 	 12.5579505114 	 12.8482758235 	 0.141684220037 	 0.138512570125 	 0.0849683152247 	 0.000869590393456 	 0.914162094382 	 0.000382029374457 	 0.000382029374457 	 0.663484291543 	 0.346506220543 	 0.047052777446 	 0.0206712761197 	 0.0206712761197 
2.32077440924 	 12.6543665643 	 12.8556989005 	 0.139901855786 	 0.137668937535 	 0.0847864530304 	 0.000837934007844 	 0.914375612962 	 0.000379690162324 	 0.000379690162324 	 0.667410230614 	 0.344580376027 	 0.0453398780417 	 0.0205447033922 	 0.0205447033922 
2.33442601138 	 12.7136613361 	 12.8600839923 	 0.13830331864 	 0.136643671955 	 0.0846235901102 	 0.000802778127283 	 0.914573631762 	 0.000370289301326 	 0.000370289301326 	 0.671336169684 	 0.342122414967 	 0.0434376240191 	 0.0200360310061 	 0.0200360310061 
2.34807761351 	 12.7146421097 	 12.8689501123 	 0.137045251019 	 0.135323819864 	 0.0844604080157 	 0.000766095081372 	 0.914773496903 	 0.000365948697928 	 0.000365948697928 	 0.675262108755 	 0.339034564829 	 0.0414527364119 	 0.0198011647436 	 0.0198011647436 
2.36172921564 	 12.6575170494 	 12.8750260827 	 0.136047162605 	 0.133720131937 	 0.0843059780183 	 0.000706781900932 	 0.914987240081 	 0.000356177762652 	 0.000356177762652 	 0.679188047825 	 0.335163523479 	 0.0382433519709 	 0.0192724679612 	 0.0192724679612 
2.37538081777 	 12.7167797959 	 12.8810540849 	 0.133532973976 	 0.131761219732 	 0.0841519343898 	 0.000662160652554 	 0.915185904958 	 0.000360215318387 	 0.000360215318387 	 0.683113986896 	 0.330397076356 	 0.0358289351545 	 0.0194909365792 	 0.0194909365792 
2.3890324199 	 12.717035998 	 12.9034112577 	 0.131219178218 	 0.129272333229 	 0.0840066932545 	 0.00060699858673 	 0.915386308159 	 0.000357330822047 	 0.000357330822047 	 0.687039925966 	 0.324678177445 	 0.0328441639033 	 0.019334858999 	 0.019334858999 
2.40268402204 	 12.7171200643 	 12.92703559 	 0.128529479145 	 0.126408525896 	 0.0838520280759 	 0.000574569463177 	 0.915573402461 	 0.000356032286335 	 0.000356032286335 	 0.690965865037 	 0.318024951493 	 0.0310894523233 	 0.0192645963647 	 0.0192645963647 
2.41633562417 	 12.7171160611 	 12.94886911 	 0.125469171248 	 0.123205531977 	 0.083696035804 	 0.000521718891712 	 0.915782245304 	 0.000326342350793 	 0.000326342350793 	 0.694891804107 	 0.31045263484 	 0.0282297540151 	 0.0176580998579 	 0.0176580998579 
2.4299872263 	 12.7171520896 	 12.9688838362 	 0.122082494427 	 0.119708505018 	 0.0835622177512 	 0.000455854237434 	 0.915981928011 	 0.000280709319673 	 0.000280709319673 	 0.698817743178 	 0.302073658679 	 0.024665875041 	 0.0151889363602 	 0.0151889363602 
2.44363882843 	 12.7171560927 	 12.9873316017 	 0.118393916507 	 0.115938575975 	 0.0834462230669 	 0.000364792446789 	 0.916188984486 	 0.000217467102782 	 0.000217467102782 	 0.702743682248 	 0.292946946486 	 0.0197386010033 	 0.0117669551849 	 0.0117669551849 
2.45729043056 	 12.7001146504 	 12.9992077254 	 0.114560998993 	 0.111950722462 	 0.0833472622147 	 0.000337688327575 	 0.916315049458 	 0.000205704351472 	 0.000205704351472 	 0.706669621319 	 0.283110841848 	 0.0182720207618 	 0.0111304829749 	 0.0111304829749 
2.47094203269 	 12.7183850621 	 13.0067027547 	 0.110115699624 	 0.107692555761 	 0.083254768843 	 0.000296019946046 	 0.916449211211 	 0.000171157925965 	 0.000171157925965 	 0.710595560389 	 0.272488224331 	 0.0160173809942 	 0.00926120603349 	 0.00926120603349 
2.48459363483 	 12.5497080097 	 13.0110878465 	 0.106797271885 	 0.103130614149 	 0.0831686589587 	 0.000284562594209 	 0.916546778447 	 0.000174995073796 	 0.000174995073796 	 0.71452149946 	 0.261027102633 	 0.0153974336832 	 0.00946883075459 	 0.00946883075459 
2.49824523696 	 12.669842772 	 13.0127747278 	 0.100835723688 	 0.0982252546486 	 0.083094207338 	 0.000249027232125 	 0.91665676543 	 0.000156236793111 	 0.000156236793111 	 0.71844743853 	 0.248641402263 	 0.0134746462465 	 0.0084538365539 	 0.0084538365539 
2.51189683909 	 12.7989446075 	 13.0126987782 	 0.094558944478 	 0.0929813966518 	 0.0830383014279 	 0.000238503381316 	 0.916723195191 	 0.000147875180648 	 0.000147875180648 	 0.722373377601 	 0.235366145141 	 0.0129052098616 	 0.00800139699933 	 0.00800139699933 
2.52554844122 	 12.8010582748 	 13.0126987782 	 0.0888769190116 	 0.0874075523649 	 0.0829771711374 	 0.000228155916342 	 0.916794672946 	 0.00013807462935 	 0.00013807462935 	 0.726299316671 	 0.221256933076 	 0.0123453175603 	 0.00747109771986 	 0.00747109771986 
2.53920004335 	 12.8027235884 	 13.0126827888 	 0.0829313515619 	 0.0815702152108 	 0.0829139578142 	 0.000217071662541 	 0.916868970523 	 0.000131861161166 	 0.000131861161166 	 0.730225255742 	 0.20648049929 	 0.0117455582585 	 0.00713489237787 	 0.00713489237787 
2.55285164549 	 12.802891721 	 13.0126348206 	 0.076807402318 	 0.07554795603 	 0.0828574975487 	 0.000201253212952 	 0.916941249238 	 0.000122576983597 	 0.000122576983597 	 0.734151194812 	 0.191235566095 	 0.0108896357533 	 0.00663253363033 	 0.00663253363033 
