#t/Tc 	 (Rf-Ro)/Ro 	 (Rfmax-Ro)/Ro 	 H/R 	 H/Rmax 	 Ep/Eo 	 Ek/Eo 	 Ec/Eo 	 Ekx/Eo 	 Eky/Eo 	 t/(d/g)^0.5 	 H/d 	 KE/mgd 	 KEx/mgd 	 KEy/mgd 
0.0136517262374 	 0.0 	 0.0 	 5.99915771573 	 5.99035911671 	 1.0 	 0.00108376584282 	 0.0 	 0.00103882606937 	 0.00103882606937 	 0.00392594201364 	 1.0821202631 	 0.0586415945833 	 0.0562099438789 	 0.0562099438789 
0.027303457592 	 0.0116890962218 	 0.0102053134786 	 5.9187042571 	 5.9187042571 	 0.996295727631 	 0.00356942449137 	 0.00013484787806 	 0.00332533661154 	 0.00332533661154 	 0.00785188549886 	 1.08008754758 	 0.193138347463 	 0.179930971916 	 0.179930971916 
0.0409551735952 	 0.00959539529914 	 0.0299503765133 	 5.91512955513 	 5.78972452837 	 0.990782575624 	 0.00690500492537 	 0.00231241945043 	 0.00646867318813 	 0.00646867318813 	 0.0117778245694 	 1.07720130816 	 0.373623603395 	 0.350014085704 	 0.350014085704 
0.054606915184 	 0.0419228581299 	 0.0522589599295 	 5.71233773045 	 5.6479310857 	 0.983653728563 	 0.0105968479668 	 0.00574942347001 	 0.0096806373277 	 0.0096806373277 	 0.0157037709977 	 1.07358069159 	 0.573385908448 	 0.523810575174 	 0.523810575174 
0.0682586311872 	 0.0458228264642 	 0.0776551203651 	 5.67054542643 	 5.49497515304 	 0.975035848339 	 0.0153881347037 	 0.00957601695724 	 0.0145714124447 	 0.0145714124447 	 0.0196297100682 	 1.06971528263 	 0.832638122591 	 0.788446016041 	 0.788446016041 
0.081910372776 	 0.0542560776375 	 0.104272080933 	 5.60219312785 	 5.34060769111 	 0.964701145131 	 0.0201296654917 	 0.0151691893773 	 0.0185066294229 	 0.0185066294229 	 0.0235556564966 	 1.06534295846 	 1.0891980871 	 1.00137706583 	 1.00137706583 
0.0955620887792 	 0.127181722431 	 0.139700468253 	 5.21397964602 	 5.14914500207 	 0.953701383 	 0.0249362154905 	 0.0213624015095 	 0.0227714730543 	 0.0227714730543 	 0.0274815955671 	 1.06010411258 	 1.34927618261 	 1.23214391722 	 1.23214391722 
0.109213830368 	 0.100065693369 	 0.17458920915 	 5.33321081687 	 4.98751189849 	 0.940910211838 	 0.0317165911623 	 0.0273731969999 	 0.0301864684783 	 0.0301864684783 	 0.0314075419954 	 1.05826058763 	 1.71615620923 	 1.63336264761 	 1.63336264761 
0.122865546371 	 0.207637484693 	 0.21558954573 	 4.86844805199 	 4.82950642313 	 0.926852085789 	 0.038466645254 	 0.0346812689573 	 0.0359267215602 	 0.0359267215602 	 0.0353334810659 	 1.06050415678 	 2.08139556244 	 1.94396257679 	 1.94396257679 
0.136517262374 	 0.12594711944 	 0.261366352766 	 5.23246086068 	 4.66385800965 	 0.911511046126 	 0.0453923629263 	 0.0430965909473 	 0.0420911407902 	 0.0420911407902 	 0.0392594201364 	 1.06269645672 	 2.45613991394 	 2.27751375459 	 2.27751375459 
0.150169003963 	 0.245576706516 	 0.31814035444 	 4.73489849625 	 4.46768015867 	 0.89468248518 	 0.0544615559321 	 0.0508559588876 	 0.0511760405426 	 0.0511760405426 	 0.0431853665648 	 1.06381571394 	 2.94686578703 	 2.76908950561 	 2.76908950561 
0.163820719966 	 0.283794955021 	 0.371931510474 	 4.59246993963 	 4.2911345786 	 0.876496928533 	 0.0625837245181 	 0.0609193469488 	 0.0571575223725 	 0.0571575223725 	 0.0471113056353 	 1.06347488206 	 3.3863490209 	 3.09274210529 	 3.09274210529 
0.177472461555 	 0.299500113893 	 0.446708116842 	 4.52807066671 	 4.06135711799 	 0.857404916228 	 0.0715207960683 	 0.0710742877032 	 0.0654720188091 	 0.0654720188091 	 0.0510372520637 	 1.06138945313 	 3.86992592091 	 3.5426320261 	 3.5426320261 
0.191124177558 	 0.456421997231 	 0.528891870047 	 4.02546990913 	 3.82903752261 	 0.83667201088 	 0.0830256266908 	 0.0803023624291 	 0.0773052296242 	 0.0773052296242 	 0.0549631911342 	 1.05752115577 	 4.49244195386 	 4.1829164158 	 4.1829164158 
0.204775919147 	 0.468877315931 	 0.614462204364 	 3.96972645338 	 3.60645736357 	 0.81468474964 	 0.0937287412966 	 0.0915865090639 	 0.0860137386155 	 0.0860137386155 	 0.0588891375625 	 1.05179561352 	 5.07157785453 	 4.65412600141 	 4.65412600141 
0.21842763515 	 0.573987507451 	 0.687380428343 	 3.67771071161 	 3.42553506514 	 0.791769026498 	 0.104303900514 	 0.103927072988 	 0.094077649451 	 0.094077649451 	 0.062815076633 	 1.04415289198 	 5.64379020428 	 5.09045696081 	 5.09045696081 
0.232079376739 	 0.763435014606 	 0.760848691937 	 3.25256083647 	 3.25256083647 	 0.767698395526 	 0.11608335562 	 0.116218248854 	 0.104214313264 	 0.104214313264 	 0.0667410230614 	 1.03459443534 	 6.28116592088 	 5.63894271878 	 5.63894271878 
0.245731092742 	 0.725277615535 	 0.841283191253 	 3.30389888832 	 3.09120442254 	 0.742585743717 	 0.127215323199 	 0.130198933084 	 0.113040984025 	 0.113040984025 	 0.0706669621319 	 1.02818434094 	 6.8835066701 	 6.11654593143 	 6.11654593143 
0.259382859917 	 0.911975288725 	 0.918983881761 	 2.96299142284 	 2.94784009425 	 0.717061860727 	 0.136296426455 	 0.146641712818 	 0.117786672481 	 0.117786672481 	 0.0745929159181 	 1.02187534074 	 7.37487699608 	 6.37333086363 	 6.37333086363 
0.27303457592 	 1.03012327215 	 1.02950706697 	 2.76815773828 	 2.76493709391 	 0.691545033174 	 0.144617306382 	 0.163837660444 	 0.121821777648 	 0.121821777648 	 0.0785188549886 	 1.01367443479 	 7.82511232182 	 6.59166677339 	 6.59166677339 
0.286686291923 	 1.14647859921 	 1.14333048986 	 2.59191019794 	 2.59191019794 	 0.665540036581 	 0.154449208918 	 0.180010754502 	 0.130386204538 	 0.130386204538 	 0.0824447940591 	 1.0035332423 	 8.35710772128 	 7.05508020616 	 7.05508020616 
0.300338007926 	 1.04537125961 	 1.2633322647 	 2.69640657361 	 2.43316629101 	 0.638989755506 	 0.163950715421 	 0.197059529073 	 0.134485295798 	 0.134485295798 	 0.0863707331296 	 0.994816033829 	 8.87122568875 	 7.27687834587 	 7.27687834587 
0.31398972393 	 1.36452093681 	 1.38001781233 	 2.31759248286 	 2.29912513439 	 0.612084518759 	 0.173363004245 	 0.214552476996 	 0.139063333633 	 0.139063333633 	 0.0902966722001 	 0.988474539065 	 9.38051616785 	 7.52459185386 	 7.52459185386 
0.327641439933 	 1.41849038159 	 1.50735677984 	 2.24679101268 	 2.16398121387 	 0.585338029343 	 0.178933607667 	 0.235728362991 	 0.137468704098 	 0.137468704098 	 0.0942226112706 	 0.98014943167 	 9.68193650656 	 7.43830788452 	 7.43830788452 
0.341293155936 	 1.4243707588 	 1.63297087748 	 2.21780438352 	 2.03910128531 	 0.559053503058 	 0.183607498653 	 0.257338998289 	 0.136638228776 	 0.136638228776 	 0.0981485503411 	 0.969856597877 	 9.93483654225 	 7.39337161214 	 7.39337161214 
0.354944871939 	 1.50826091116 	 1.76472974907 	 2.1165776456 	 1.91741803809 	 0.533364993207 	 0.189540281169 	 0.277094725624 	 0.137786047571 	 0.137786047571 	 0.102074489412 	 0.957617700728 	 10.2558540659 	 7.45547905432 	 7.45547905432 
0.368596587942 	 1.62422592114 	 1.88978621207 	 1.99284693836 	 1.80705773904 	 0.508011448622 	 0.192391517618 	 0.29959703376 	 0.131634160141 	 0.131634160141 	 0.106000428482 	 0.943322980806 	 10.4101319046 	 7.12260596094 	 7.12260596094 
0.382248303946 	 1.87656892459 	 2.01458564349 	 1.78646539319 	 1.70217553712 	 0.483819027371 	 0.195870351979 	 0.32031062065 	 0.127985928099 	 0.127985928099 	 0.109926367553 	 0.926946442459 	 10.5983685016 	 6.92520340783 	 6.92520340783 
0.395900019949 	 2.0806230982 	 2.13779971363 	 1.63480284917 	 1.60265968919 	 0.459764019153 	 0.198922500393 	 0.341313480454 	 0.125344154134 	 0.125344154134 	 0.113852306623 	 0.908425262863 	 10.763517506 	 6.78225939563 	 6.78225939563 
0.409551735952 	 2.14039245483 	 2.27850792161 	 1.56693206782 	 1.49871976824 	 0.43685081581 	 0.19957949596 	 0.36356968823 	 0.116923758949 	 0.116923758949 	 0.117778245694 	 0.88760419021 	 10.7990669449 	 6.32663938883 	 6.32663938883 
0.423203451955 	 2.12246028674 	 2.42251836597 	 1.53557734555 	 1.39889594625 	 0.414658106966 	 0.201732244153 	 0.383609648881 	 0.113050710449 	 0.113050710449 	 0.121704184764 	 0.864876047679 	 10.9155502126 	 6.11707221947 	 6.11707221947 
0.436855167958 	 2.28998118071 	 2.56193781834 	 1.42380313329 	 1.31316592147 	 0.394090668412 	 0.197122692032 	 0.408786639556 	 0.0976443743978 	 0.0976443743978 	 0.125630123835 	 0.84494532609 	 10.6661314951 	 5.28344923835 	 5.28344923835 
0.450506883962 	 2.62665469427 	 2.69529684151 	 1.2569775206 	 1.23181919227 	 0.374829661594 	 0.197185687005 	 0.427984651401 	 0.0922908096551 	 0.0922908096551 	 0.129556062905 	 0.822278562181 	 10.6695400963 	 4.99377266726 	 4.99377266726 
0.464158855821 	 2.76909201035 	 2.82315666775 	 1.17333531597 	 1.15504622782 	 0.356216747054 	 0.193641841832 	 0.450141411114 	 0.0822853769686 	 0.0822853769686 	 0.133482075554 	 0.7977083389 	 10.4777858228 	 4.45238770747 	 4.45238770747 
0.477810571824 	 2.64883991755 	 2.95071029461 	 1.1720465723 	 1.08090387704 	 0.339148637226 	 0.191872103071 	 0.468979259703 	 0.0757701009398 	 0.0757701009398 	 0.137408014625 	 0.771409404793 	 10.3820268509 	 4.09985198399 	 4.09985198399 
0.491462287827 	 2.98024475084 	 3.08828535544 	 1.0370722617 	 1.00818486792 	 0.32264798611 	 0.188840449021 	 0.488511564869 	 0.0689573878488 	 0.0689573878488 	 0.141333953695 	 0.744567450411 	 10.2179867781 	 3.73122220871 	 3.73122220871 
0.50511400383 	 2.89956360547 	 3.22383254492 	 1.04290129062 	 0.961424312686 	 0.308171909416 	 0.18355340697 	 0.508274683614 	 0.0552827751923 	 0.0552827751923 	 0.145259892766 	 0.733574900332 	 9.93190968995 	 2.99130122227 	 2.99130122227 
0.518765719834 	 2.97585838735 	 3.35734506751 	 1.00555259586 	 0.916170542636 	 0.294813111555 	 0.181510018048 	 0.523676870396 	 0.0495053298786 	 0.0495053298786 	 0.149185831836 	 0.721142263369 	 9.82134375407 	 2.67868885489 	 2.67868885489 
0.532417435837 	 3.10377390592 	 3.48799946275 	 0.955169201354 	 0.872114523908 	 0.282357577606 	 0.180357126058 	 0.537285296335 	 0.0449218156797 	 0.0449218156797 	 0.153111770907 	 0.707048143224 	 9.75896180586 	 2.43067902582 	 2.43067902582 
0.54606915184 	 3.5211770042 	 3.61689900777 	 0.847876083784 	 0.829079352821 	 0.270540392712 	 0.177357389461 	 0.552102217826 	 0.0388298322687 	 0.0388298322687 	 0.157037709977 	 0.691463316886 	 9.59664875775 	 2.10104728502 	 2.10104728502 
0.559720867843 	 3.54878743491 	 3.74666198707 	 0.822398490504 	 0.786959205621 	 0.2600328313 	 0.173015775957 	 0.566951392743 	 0.0321999893832 	 0.0321999893832 	 0.160963649048 	 0.674781546265 	 9.3617279576 	 1.74231245201 	 1.74231245201 
0.573372583846 	 3.57953241213 	 3.87594927803 	 0.795365718696 	 0.745918546368 	 0.250278017812 	 0.170785417957 	 0.578936564231 	 0.0284898542817 	 0.0284898542817 	 0.164889588118 	 0.657011929838 	 9.24104529312 	 1.54156038004 	 1.54156038004 
0.58702429985 	 3.84763822129 	 4.00663165494 	 0.729765344675 	 0.705554189375 	 0.241467456965 	 0.166000639021 	 0.592531904014 	 0.0235861240386 	 0.0235861240386 	 0.168815527189 	 0.638114607606 	 8.98214521021 	 1.27622394896 	 1.27622394896 
0.600676015853 	 4.14624080603 	 4.13869312826 	 0.666466046682 	 0.666466046682 	 0.234035394103 	 0.159844182355 	 0.606120423541 	 0.0181427536631 	 0.0181427536631 	 0.172741466259 	 0.618661917165 	 8.64902487962 	 0.981688075879 	 0.981688075879 
0.614327731856 	 4.10028347029 	 4.26645341972 	 0.650507953078 	 0.629058821565 	 0.227238824524 	 0.15725403067 	 0.615507144806 	 0.0162418106536 	 0.0162418106536 	 0.17666740533 	 0.598455930511 	 8.50887410255 	 0.8788297601 	 0.8788297601 
0.627979447859 	 4.19850326405 	 4.38801777076 	 0.616002063809 	 0.593463547018 	 0.220400594269 	 0.155398349968 	 0.624201055762 	 0.0151606808564 	 0.0151606808564 	 0.1805933444 	 0.577624676228 	 8.40846488951 	 0.820330799573 	 0.820330799573 
0.641631163862 	 4.50841503638 	 4.50033617974 	 0.560127763021 	 0.560127763021 	 0.214314775966 	 0.152356599924 	 0.633328624109 	 0.0130856012643 	 0.0130856012643 	 0.184519283471 	 0.556543358219 	 8.24387853159 	 0.708050110002 	 0.708050110002 
0.655282879866 	 4.53574924268 	 4.59962312693 	 0.535784592711 	 0.528896156045 	 0.208575010046 	 0.147975358383 	 0.643449631572 	 0.0113117216341 	 0.0113117216341 	 0.188445222541 	 0.534997656781 	 8.006813494 	 0.612067079346 	 0.612067079346 
0.668934595869 	 4.60018959403 	 4.68439958139 	 0.507729589466 	 0.499474343386 	 0.203887176172 	 0.144066713524 	 0.652046110304 	 0.00991819556865 	 0.00991819556865 	 0.192371161612 	 0.51288553898 	 7.79532023768 	 0.536664637837 	 0.536664637837 
0.682586311872 	 4.67387745805 	 4.78498168 	 0.478669556634 	 0.468787853451 	 0.199119212694 	 0.141705040404 	 0.659175746902 	 0.00981117131004 	 0.00981117131004 	 0.196297100682 	 0.489892746274 	 7.66753223021 	 0.530873651504 	 0.530873651504 
0.696238027875 	 4.72908630972 	 4.90552669891 	 0.451602883919 	 0.437467720897 	 0.194491518021 	 0.137601850272 	 0.667906631708 	 0.00859217323584 	 0.00859217323584 	 0.200223039753 	 0.4666887389 	 7.44551230418 	 0.464914762562 	 0.464914762562 
0.709889743878 	 4.86815929261 	 5.01953200263 	 0.419557007275 	 0.408406574543 	 0.190394157023 	 0.133794148557 	 0.67581169442 	 0.00769950423797 	 0.00769950423797 	 0.204148978823 	 0.44409729017 	 7.23948099055 	 0.41661324631 	 0.41661324631 
0.723541459882 	 5.00605531934 	 5.12558251833 	 0.3897222811 	 0.38155728371 	 0.186638984716 	 0.130910154722 	 0.682450860562 	 0.00709210503328 	 0.00709210503328 	 0.208074917894 	 0.422211262327 	 7.0834306792 	 0.383747421882 	 0.383747421882 
0.737193175885 	 5.11761394957 	 5.22327451054 	 0.363076599913 	 0.356388718672 	 0.182874237173 	 0.128612249314 	 0.688513513514 	 0.00702288279777 	 0.00702288279777 	 0.212000856964 	 0.400650396759 	 6.95909308518 	 0.380001869004 	 0.380001869004 
0.750844891888 	 5.20854782425 	 5.32961683505 	 0.338636680173 	 0.33167228839 	 0.179202722189 	 0.12605729082 	 0.694739986991 	 0.006191221491 	 0.006191221491 	 0.215926796035 	 0.37923575673 	 6.82084658003 	 0.335001424023 	 0.335001424023 
0.764496863747 	 5.36233275913 	 5.44582869304 	 0.311749327216 	 0.307259786433 	 0.175522135929 	 0.123022730602 	 0.701455133469 	 0.00561238168704 	 0.00561238168704 	 0.219852808684 	 0.357772663695 	 6.65664925714 	 0.30368092307 	 0.30368092307 
0.77814857975 	 5.31973415203 	 5.56037364319 	 0.305287745859 	 0.293658236086 	 0.17238985791 	 0.119075364833 	 0.708534777256 	 0.00473411082008 	 0.00473411082008 	 0.223778747754 	 0.348011368765 	 6.44306084723 	 0.256158476726 	 0.256158476726 
0.791800295754 	 5.52696650759 	 5.67384729525 	 0.297687277357 	 0.290708661889 	 0.169404736147 	 0.116776115532 	 0.713819148321 	 0.00472324544723 	 0.00472324544723 	 0.227704686825 	 0.350474890006 	 6.31865053639 	 0.255570561178 	 0.255570561178 
0.805452011757 	 5.74785795981 	 5.78653346327 	 0.289228011016 	 0.287157965419 	 0.166567022619 	 0.113725462198 	 0.719707515183 	 0.00461135797674 	 0.00461135797674 	 0.231630625895 	 0.352039611596 	 6.15358242949 	 0.249516430826 	 0.249516430826 
0.81910372776 	 5.7666011868 	 5.90008306558 	 0.288190922666 	 0.282201383309 	 0.163905308645 	 0.1103072374 	 0.725787453955 	 0.00417820958545 	 0.00417820958545 	 0.235556564966 	 0.351751637546 	 5.96862536137 	 0.22607916112 	 0.22607916112 
0.832755443763 	 5.80552480835 	 6.01361667835 	 0.284511226183 	 0.275664969938 	 0.161400124579 	 0.107129065444 	 0.731470809978 	 0.00396814571023 	 0.00396814571023 	 0.239482504036 	 0.349257932465 	 5.79665733652 	 0.214712793847 	 0.214712793847 
0.846407159766 	 5.87189072402 	 6.12561529686 	 0.27777513039 	 0.26749139305 	 0.159157285175 	 0.10423378291 	 0.736608931914 	 0.00399726450631 	 0.00399726450631 	 0.243408443107 	 0.34431413723 	 5.63999620382 	 0.216288385702 	 0.216288385702 
0.86005887577 	 6.08739379872 	 6.23710624799 	 0.269953948494 	 0.263981735049 	 0.156649430122 	 0.102268860527 	 0.741081709351 	 0.00406969024616 	 0.00406969024616 	 0.247334382177 	 0.345113142463 	 5.53367602168 	 0.220207277316 	 0.220207277316 
0.873710591773 	 6.21476127206 	 6.34615479938 	 0.269987931585 	 0.264770027566 	 0.154351894284 	 0.0998391696355 	 0.74580893608 	 0.00380319127491 	 0.00380319127491 	 0.251260321248 	 0.351359392048 	 5.40220763379 	 0.205787257778 	 0.205787257778 
0.887362307776 	 6.29001841096 	 6.45250112127 	 0.271105048588 	 0.264805352654 	 0.15212472803 	 0.0962746789104 	 0.75160059306 	 0.00357901820572 	 0.00357901820572 	 0.255186260318 	 0.3564933888 	 5.20933624798 	 0.193657454714 	 0.193657454714 
0.901014023779 	 6.44523651014 	 6.55627312985 	 0.268204217987 	 0.263875478362 	 0.149974919602 	 0.0939679374069 	 0.756057142992 	 0.00358356896253 	 0.00358356896253 	 0.259112199389 	 0.360188092981 	 5.08452054083 	 0.193903692071 	 0.193903692071 
0.914665739782 	 6.47056108382 	 6.65827829606 	 0.268358302213 	 0.261396453954 	 0.147724621593 	 0.090928001618 	 0.761347376789 	 0.00341540430341 	 0.00341540430341 	 0.263038138459 	 0.361620886639 	 4.92003235063 	 0.18480445368 	 0.18480445368 
0.928317455786 	 6.61649163781 	 6.75966386823 	 0.262357403857 	 0.257139008246 	 0.145659898375 	 0.0879613415813 	 0.766378760044 	 0.00336799344718 	 0.00336799344718 	 0.26696407753 	 0.360440467431 	 4.75950904543 	 0.18223909491 	 0.18223909491 
0.941969171789 	 6.56935334266 	 6.8622446573 	 0.261151173497 	 0.251053792131 	 0.143897651816 	 0.0840002849053 	 0.772102063279 	 0.00285017813298 	 0.00285017813298 	 0.2708900166 	 0.356562782748 	 4.54517983285 	 0.154220574188 	 0.154220574188 
0.955620887792 	 6.85735931871 	 6.96577282564 	 0.25238212421 	 0.248582108726 	 0.142167003536 	 0.081404959233 	 0.776428037231 	 0.00314455783913 	 0.00314455783913 	 0.274815955671 	 0.357701247863 	 4.404749096 	 0.170149195205 	 0.170149195205 
0.969272603795 	 6.91185559148 	 7.06711442663 	 0.253337226017 	 0.248097121054 	 0.140077216717 	 0.0797343829584 	 0.780188400324 	 0.00334497760403 	 0.00334497760403 	 0.278741894741 	 0.36154521041 	 4.31435571696 	 0.180993728346 	 0.180993728346 
0.982924319798 	 7.06318252949 	 7.16550196311 	 0.250313182978 	 0.246814065412 	 0.137910693623 	 0.0779665592448 	 0.784122747132 	 0.00333384513249 	 0.00333384513249 	 0.282667833812 	 0.364062094946 	 4.2187003665 	 0.180391360328 	 0.180391360328 
0.996576035802 	 7.1706858652 	 7.26243445295 	 0.247652145112 	 0.244542957248 	 0.136103846624 	 0.0755775043105 	 0.788318649065 	 0.00312588108968 	 0.00312588108968 	 0.286593772882 	 0.364994111263 	 4.08943075368 	 0.169138613098 	 0.169138613098 
1.0102277518 	 7.19474541117 	 7.35507775306 	 0.246146890458 	 0.241069297817 	 0.134476409307 	 0.073611305229 	 0.791912285464 	 0.00330995911878 	 0.00330995911878 	 0.290519711953 	 0.363843875894 	 3.98304149056 	 0.179098909619 	 0.179098909619 
1.02387946781 	 7.45371579871 	 7.44131724894 	 0.236511607643 	 0.236511607643 	 0.132863855601 	 0.0710292169003 	 0.796106927498 	 0.00332608583174 	 0.00332608583174 	 0.294445651023 	 0.360649515795 	 3.84332701445 	 0.179971511547 	 0.179971511547 
1.03753118381 	 7.44943231882 	 7.54135570374 	 0.234044949357 	 0.23118655633 	 0.131367095055 	 0.068697210213 	 0.799935694732 	 0.00343678563701 	 0.00343678563701 	 0.298371590094 	 0.356707347454 	 3.71714423095 	 0.185961378402 	 0.185961378402 
1.05118289981 	 7.61489073723 	 7.65353020701 	 0.231011355626 	 0.229642553585 	 0.129917085177 	 0.0667010087259 	 0.803381906097 	 0.00359230258552 	 0.00359230258552 	 0.302297529164 	 0.358978428664 	 3.60913156466 	 0.194376260552 	 0.194376260552 
1.06483487167 	 7.64057160037 	 7.76426565314 	 0.230441561017 	 0.226856030234 	 0.128492659658 	 0.0639622057043 	 0.807545134638 	 0.00341636686659 	 0.00341636686659 	 0.306223541813 	 0.359160470435 	 3.46093739753 	 0.184856537108 	 0.184856537108 
1.07848658768 	 7.65887446962 	 7.87362999763 	 0.228541396975 	 0.222683267105 	 0.12720428648 	 0.0612929491323 	 0.811502764387 	 0.00328360202229 	 0.00328360202229 	 0.310149480884 	 0.356953439622 	 3.31650632621 	 0.177672750844 	 0.177672750844 
1.09213830368 	 7.86255594045 	 7.97873713143 	 0.220247407332 	 0.217078652186 	 0.12592797474 	 0.0589196177431 	 0.815152407517 	 0.00337215615496 	 0.00337215615496 	 0.314075419954 	 0.352091097428 	 3.18808750027 	 0.182464335282 	 0.182464335282 
1.10579001968 	 7.97834200504 	 8.07899943957 	 0.212613598768 	 0.209948015112 	 0.124832987729 	 0.0566671527079 	 0.818499859563 	 0.00329834284585 	 0.00329834284585 	 0.318001359025 	 0.344328073787 	 3.06620864397 	 0.178470363544 	 0.178470363544 
1.11944173569 	 7.91590327982 	 8.17534031702 	 0.210073389264 	 0.203834075853 	 0.123870458146 	 0.0544439341385 	 0.821685607715 	 0.00340447509565 	 0.00340447509565 	 0.321927298095 	 0.337848224389 	 2.94591228764 	 0.184213084082 	 0.184213084082 
1.13309345169 	 8.06684590561 	 8.26743997333 	 0.209267595933 	 0.204437714644 	 0.122884947998 	 0.052319592478 	 0.824795459524 	 0.0032823488423 	 0.0032823488423 	 0.325853237166 	 0.34225001029 	 2.83096607186 	 0.177604942403 	 0.177604942403 
1.14674516769 	 8.19690356446 	 8.35760089989 	 0.209344429558 	 0.205447614263 	 0.121952387224 	 0.0495848379333 	 0.828462774843 	 0.00320461808584 	 0.00320461808584 	 0.329779176236 	 0.347286812189 	 2.68299096418 	 0.173399001113 	 0.173399001113 
1.1603968837 	 8.25828943434 	 8.45122355832 	 0.211140091288 	 0.206526603038 	 0.121064376494 	 0.0465404169024 	 0.832395206603 	 0.00308225833113 	 0.00308225833113 	 0.333705115307 	 0.352603572813 	 2.51826008157 	 0.166778224884 	 0.166778224884 
1.1740485997 	 8.22400958539 	 8.55691430974 	 0.215210953901 	 0.207409672268 	 0.120201563754 	 0.0443295453476 	 0.835468890899 	 0.00290866434532 	 0.00290866434532 	 0.337631054377 	 0.358071180426 	 2.39863181108 	 0.157385210512 	 0.157385210512 
1.1877003157 	 8.36885926126 	 8.66074228166 	 0.21511986436 	 0.208314409989 	 0.119476936785 	 0.0419478650248 	 0.838575198191 	 0.00273247496664 	 0.00273247496664 	 0.341556993448 	 0.363540232242 	 2.26976123184 	 0.147851761766 	 0.147851761766 
1.20135203171 	 8.66608472723 	 8.76599731856 	 0.211737759043 	 0.20926417636 	 0.118913593744 	 0.0396075262025 	 0.841478880054 	 0.00270528969624 	 0.00270528969624 	 0.345482932518 	 0.36917659496 	 2.14312760401 	 0.146380791247 	 0.146380791247 
1.21500374771 	 8.5583652159 	 8.87139626117 	 0.217312545809 	 0.210112753122 	 0.11827159938 	 0.037665785969 	 0.844062614651 	 0.00275970223368 	 0.00275970223368 	 0.349408871589 	 0.374674097572 	 2.03806178714 	 0.149325004687 	 0.149325004687 
1.22865546371 	 8.67255398286 	 8.97551604189 	 0.2178694498 	 0.210942800138 	 0.117721241703 	 0.0358496829085 	 0.846429075388 	 0.00261322968337 	 0.00261322968337 	 0.353334810659 	 0.380121775185 	 1.93979408467 	 0.141399506785 	 0.141399506785 
1.24230717972 	 8.7698610351 	 9.07664977906 	 0.21864796325 	 0.211680199999 	 0.117027457073 	 0.0344622144396 	 0.848510328488 	 0.00273441857152 	 0.00273441857152 	 0.35726074973 	 0.38531780045 	 1.86471941426 	 0.147956928478 	 0.147956928478 
1.25595889572 	 8.76593784791 	 9.17422984461 	 0.221450534351 	 0.212251966821 	 0.116117389703 	 0.0331818038266 	 0.85070080647 	 0.00279738330643 	 0.00279738330643 	 0.3611866888 	 0.390099989385 	 1.7954375481 	 0.151363893628 	 0.151363893628 
1.26961061172 	 8.88341328495 	 9.26852006565 	 0.221156929189 	 0.212550548658 	 0.115420581314 	 0.0312982541489 	 0.853281164537 	 0.00274560479877 	 0.00274560479877 	 0.365112627871 	 0.394269114205 	 1.69352036986 	 0.148562205169 	 0.148562205169 
1.28326232772 	 9.00095277403 	 9.35877692936 	 0.220339227294 	 0.212416034477 	 0.114715659173 	 0.0299355469039 	 0.855348793923 	 0.0026859124427 	 0.0026859124427 	 0.369038566941 	 0.397482898833 	 1.61978550699 	 0.145332305493 	 0.145332305493 
1.29691404373 	 9.12683504079 	 9.44597979404 	 0.220075646769 	 0.213039002666 	 0.113818459576 	 0.0287412630173 	 0.857440277406 	 0.00255186922042 	 0.00255186922042 	 0.372964506012 	 0.402004553572 	 1.5551638805 	 0.138079347348 	 0.138079347348 
1.31056575973 	 9.28177691557 	 9.52900939305 	 0.220800582162 	 0.215299715981 	 0.113006529975 	 0.0272914883209 	 0.859701981704 	 0.00235641513922 	 0.00235641513922 	 0.376890445082 	 0.409499749792 	 1.47671787619 	 0.127503502883 	 0.127503502883 
1.32421747573 	 9.41841992435 	 9.60739403543 	 0.221684126235 	 0.217415414462 	 0.112235051545 	 0.0259446894062 	 0.861820259049 	 0.00231501988289 	 0.00231501988289 	 0.380816384153 	 0.416602339464 	 1.40384379876 	 0.125263642811 	 0.125263642811 
1.33786919174 	 9.45554608564 	 9.68195718165 	 0.224458497957 	 0.21937873072 	 0.111542543613 	 0.0245529036819 	 0.863904552705 	 0.00227822745922 	 0.00227822745922 	 0.384742323223 	 0.423319254762 	 1.32853552555 	 0.123272837872 	 0.123272837872 
1.35152090774 	 9.65863507514 	 9.75207124292 	 0.223288090039 	 0.221023065464 	 0.110762884236 	 0.0235054400778 	 0.865731675686 	 0.00229343024592 	 0.00229343024592 	 0.388668262294 	 0.429291611275 	 1.27185821244 	 0.12409544698 	 0.12409544698 
1.36517262374 	 9.69438411766 	 9.82970038031 	 0.225194166108 	 0.222054230789 	 0.110000913847 	 0.0222259701898 	 0.867773115963 	 0.00224116457714 	 0.00224116457714 	 0.392594201364 	 0.434408349803 	 1.20262724806 	 0.121267398671 	 0.121267398671 
1.3788245956 	 9.86216041912 	 9.90974793315 	 0.224159539519 	 0.222854445073 	 0.109337971555 	 0.0208643044616 	 0.869797723983 	 0.0023195857585 	 0.0023195857585 	 0.396520214014 	 0.43919631555 	 1.12894874074 	 0.125510698231 	 0.125510698231 
1.39247631161 	 9.89737302585 	 9.98602595579 	 0.226800336501 	 0.224640196543 	 0.108613630163 	 0.0194223747391 	 0.871963995097 	 0.00230013963046 	 0.00230013963046 	 0.400446153084 	 0.445810981285 	 1.0509272209 	 0.124458485741 	 0.124458485741 
1.40612802761 	 9.84916185909 	 10.061008827 	 0.230313122789 	 0.225570713218 	 0.107957625718 	 0.0181432912202 	 0.873899083062 	 0.00221234815692 	 0.00221234815692 	 0.404372092155 	 0.450713039058 	 0.98171716261 	 0.119708168102 	 0.119708168102 
1.41977974361 	 10.0616664979 	 10.1337491675 	 0.22746837871 	 0.225664237571 	 0.10725692004 	 0.0170898136961 	 0.875653266264 	 0.00208864954906 	 0.00208864954906 	 0.408298031225 	 0.453865156223 	 0.924714441701 	 0.113014947735 	 0.113014947735 
1.43343145962 	 10.1450142095 	 10.2029478286 	 0.226356165072 	 0.22485534716 	 0.106500677994 	 0.0163253503864 	 0.87717397162 	 0.00206713046645 	 0.00206713046645 	 0.412223970295 	 0.455049041519 	 0.883350019876 	 0.111850569538 	 0.111850569538 
1.44708317562 	 10.1807072065 	 10.2721544844 	 0.225229886004 	 0.223075019017 	 0.105686278989 	 0.0157826797759 	 0.878531041235 	 0.00203208342349 	 0.00203208342349 	 0.416149909366 	 0.454234944366 	 0.853986601434 	 0.109954205578 	 0.109954205578 
1.46073489162 	 10.2816812378 	 10.3464817851 	 0.221686196764 	 0.220096854689 	 0.104930440111 	 0.0150260093642 	 0.880043550524 	 0.00192246209215 	 0.00192246209215 	 0.420075848436 	 0.451125864446 	 0.813043846311 	 0.104022693976 	 0.104022693976 
1.47438660763 	 10.3523546529 	 10.4162400795 	 0.217762007883 	 0.21622581786 	 0.10419845533 	 0.0141217442518 	 0.881679800418 	 0.00180518393188 	 0.00180518393188 	 0.424001787507 	 0.445916263674 	 0.764114874735 	 0.0976768782513 	 0.0976768782513 
1.48803832363 	 10.407331316 	 10.4833401156 	 0.214536995055 	 0.212804398346 	 0.103562155711 	 0.0130957812519 	 0.883342063037 	 0.00174715968268 	 0.00174715968268 	 0.427927726577 	 0.441439812485 	 0.708600939969 	 0.0945372383372 	 0.0945372383372 
1.50169003963 	 10.4017427758 	 10.5459550902 	 0.213100466272 	 0.210130142156 	 0.102889285412 	 0.0123133937727 	 0.884797320815 	 0.00172432526505 	 0.00172432526505 	 0.431853665648 	 0.438269137313 	 0.66626665746 	 0.0933016885456 	 0.0933016885456 
1.51534175564 	 10.3085991059 	 10.618719415 	 0.215996443001 	 0.209922854431 	 0.102207914991 	 0.0115961884514 	 0.886195896558 	 0.0017408467465 	 0.0017408467465 	 0.435779604718 	 0.440596109173 	 0.627459322866 	 0.0941956510411 	 0.0941956510411 
1.52899347164 	 10.5319885875 	 10.6948415398 	 0.212805143275 	 0.209534027931 	 0.101484699109 	 0.0108388192155 	 0.887676481675 	 0.00165524212244 	 0.00165524212244 	 0.439705543789 	 0.442661319265 	 0.586478754993 	 0.0895636618598 	 0.0895636618598 
1.54264518764 	 10.4834011151 	 10.7668463623 	 0.213835785587 	 0.208378744812 	 0.100803261493 	 0.0101758013296 	 0.889020937177 	 0.00161341682043 	 0.00161341682043 	 0.443631482859 	 0.442931096359 	 0.550603453771 	 0.0873005324026 	 0.0873005324026 
1.55629690364 	 10.6805853075 	 10.8346619295 	 0.20936357648 	 0.206334788442 	 0.100231132754 	 0.00936323337907 	 0.890405633867 	 0.00153459448708 	 0.00153459448708 	 0.44755742193 	 0.441114144739 	 0.506636133113 	 0.0830355268695 	 0.0830355268695 
1.56994861965 	 10.8717566151 	 10.9078779584 	 0.204070168955 	 0.203152753347 	 0.0996362250322 	 0.0088846143767 	 0.891479160591 	 0.00156566999101 	 0.00156566999101 	 0.451483361 	 0.436998311005 	 0.480738489556 	 0.0847169944252 	 0.0847169944252 
1.58360033565 	 10.939903978 	 10.9768167896 	 0.199839265112 	 0.198931167365 	 0.0990534963386 	 0.00806862285935 	 0.892877880802 	 0.00156988712645 	 0.00156988712645 	 0.455409300071 	 0.430394693421 	 0.43658592278 	 0.0849451798292 	 0.0849451798292 
1.59725205165 	 10.8389699792 	 11.0397395626 	 0.200765046133 	 0.197127633755 	 0.0984517851599 	 0.00760551909873 	 0.893942695741 	 0.00161458147148 	 0.00161458147148 	 0.459335239141 	 0.428733354659 	 0.411527794994 	 0.0873635506231 	 0.0873635506231 
1.61090376766 	 10.967630503 	 11.097093984 	 0.198253540669 	 0.195844170435 	 0.0977858527067 	 0.00732749456731 	 0.894886652726 	 0.00165744745043 	 0.00165744745043 	 0.463261178212 	 0.427971032179 	 0.396484137765 	 0.0896829901734 	 0.0896829901734 
1.62455548366 	 10.8293061283 	 11.1475169469 	 0.1995375854 	 0.194025606237 	 0.0970808801691 	 0.00695092742038 	 0.895968192411 	 0.00169969843047 	 0.00169969843047 	 0.467187117282 	 0.425764290207 	 0.376108428279 	 0.0919691526856 	 0.0919691526856 
1.63820719966 	 11.1371201964 	 11.1889418053 	 0.192702852912 	 0.191602147688 	 0.0963845253438 	 0.00656026955801 	 0.897055205098 	 0.00171385298082 	 0.00171385298082 	 0.471113056353 	 0.421880106611 	 0.35497028286 	 0.092735042669 	 0.092735042669 
1.65185891567 	 10.9997285795 	 11.2250101733 	 0.192208927788 	 0.18839020945 	 0.095683903659 	 0.00630318287558 	 0.898012913465 	 0.00175127031462 	 0.00175127031462 	 0.475038995423 	 0.416035345421 	 0.3410595538 	 0.0947596609327 	 0.0947596609327 
1.66551063167 	 11.1220079192 	 11.2630652397 	 0.186554107608 	 0.184137787158 	 0.0949693054897 	 0.00598539591752 	 0.899045298593 	 0.00171900848937 	 0.00171900848937 	 0.478964934494 	 0.407910260123 	 0.323864387444 	 0.0930140025977 	 0.0930140025977 
1.67916260353 	 11.1534814884 	 11.3056373464 	 0.181237141383 	 0.178733670627 	 0.0943022139289 	 0.0056559943664 	 0.900041791705 	 0.0016111305229 	 0.0016111305229 	 0.482890947143 	 0.397313349417 	 0.306040765908 	 0.0871768229002 	 0.0871768229002 
1.69281431953 	 11.3139238317 	 11.3495325862 	 0.172998459028 	 0.172246638998 	 0.0936895500244 	 0.00522964103281 	 0.901080808943 	 0.00155339420272 	 0.00155339420272 	 0.486816886214 	 0.384258910912 	 0.282971170659 	 0.0840527625664 	 0.0840527625664 
1.70646603554 	 11.358524065 	 11.3938435537 	 0.165330092342 	 0.164617152574 	 0.0931325232796 	 0.0048944103469 	 0.901973066374 	 0.00148428552614 	 0.00148428552614 	 0.490742825284 	 0.36855623762 	 0.264832139885 	 0.0803133542608 	 0.0803133542608 
1.72011775154 	 11.3680397955 	 11.4353283729 	 0.156905685001 	 0.15582777674 	 0.0925494418141 	 0.00466878251381 	 0.902781775672 	 0.00144969809449 	 0.00144969809449 	 0.494668764355 	 0.350045745126 	 0.252623620856 	 0.0784418594562 	 0.0784418594562 
1.73376946754 	 11.3296886391 	 11.4952970814 	 0.148049038968 	 0.145872590392 	 0.0919991009358 	 0.00436831161379 	 0.90363258745 	 0.00134275110972 	 0.00134275110972 	 0.498594703425 	 0.329263016059 	 0.236365410819 	 0.0726550543408 	 0.0726550543408 
1.74742118355 	 11.4548983594 	 11.5570925929 	 0.136902829942 	 0.135589511449 	 0.0914476177485 	 0.00412102190948 	 0.904431360342 	 0.00130899840346 	 0.00130899840346 	 0.502520642496 	 0.30756567332 	 0.222984787431 	 0.0708287257755 	 0.0708287257755 
1.76107289955 	 11.3865108014 	 11.6183644476 	 0.128114043706 	 0.125575592921 	 0.0909686543736 	 0.0037786299551 	 0.905252715671 	 0.00116686679469 	 0.00116686679469 	 0.506446581566 	 0.286240429448 	 0.204458266863 	 0.0631381123153 	 0.0631381123153 
1.77472461555 	 11.5475416228 	 11.6773338109 	 0.11761086954 	 0.116236027508 	 0.0905194078271 	 0.00348402514692 	 0.905996567026 	 0.00105329005103 	 0.00105329005103 	 0.510372520637 	 0.266189766812 	 0.188517465777 	 0.0569925769117 	 0.0569925769117 
1.78837633156 	 11.2315529136 	 11.7320259766 	 0.112341281218 	 0.10776705979 	 0.0901117043651 	 0.00314804188107 	 0.906740253754 	 0.000913537300415 	 0.000913537300415 	 0.514298459707 	 0.247859871885 	 0.17033771358 	 0.0494306813255 	 0.0494306813255 
1.80202804756 	 11.4908115353 	 11.7905196515 	 0.102809754353 	 0.100253459282 	 0.089760713177 	 0.00275952080816 	 0.907479766015 	 0.000818867111854 	 0.000818867111854 	 0.518224398778 	 0.231638224295 	 0.149315187916 	 0.0443081626066 	 0.0443081626066 
1.81567976356 	 11.537577528 	 11.8488894077 	 0.096322841977 	 0.0938512167555 	 0.0894297459908 	 0.00252915239341 	 0.908041101616 	 0.000753086417679 	 0.000753086417679 	 0.522150337848 	 0.217835255447 	 0.136850160278 	 0.0407488284342 	 0.0407488284342 
1.82933147956 	 11.2526620627 	 11.8989126324 	 0.101022486202 	 0.0958204014391 	 0.089121591384 	 0.00226819194014 	 0.908610216676 	 0.00066412978913 	 0.00066412978913 	 0.526076276919 	 0.223271740488 	 0.122729824964 	 0.0359354653065 	 0.0359354653065 
1.84298319557 	 11.489030088 	 11.9430237309 	 0.101524238866 	 0.0978194656003 	 0.0887997458699 	 0.00208941724779 	 0.909110836882 	 0.000590701841267 	 0.000590701841267 	 0.530002215989 	 0.228709236472 	 0.113056487222 	 0.031962345118 	 0.031962345118 
1.85663491157 	 11.9303245957 	 11.9816983912 	 0.100382791711 	 0.099838893985 	 0.0884828559602 	 0.00187763318985 	 0.90963951085 	 0.000499676793794 	 0.000499676793794 	 0.53392815506 	 0.234128318868 	 0.10159704241 	 0.0270370617035 	 0.0270370617035 
1.87028662757 	 11.7980091026 	 12.0136574516 	 0.103747251637 	 0.101878425309 	 0.088207811511 	 0.00168257555701 	 0.910109612932 	 0.000389721001146 	 0.000389721001146 	 0.53785409413 	 0.23949930931 	 0.09104264941 	 0.0210874527015 	 0.0210874527015 
1.88393834358 	 11.5962491928 	 12.0400921316 	 0.107750061656 	 0.103929943329 	 0.0879944181415 	 0.00143301484195 	 0.910572567017 	 0.000284367033236 	 0.000284367033236 	 0.541780033201 	 0.244818380659 	 0.0775391436726 	 0.0153868442952 	 0.0153868442952 
1.89759005958 	 11.5523895613 	 12.0621256952 	 0.110495772988 	 0.106028054844 	 0.0878364267505 	 0.00123268142216 	 0.910930891827 	 0.000242650922515 	 0.000242650922515 	 0.545705972271 	 0.250182727767 	 0.0666992825876 	 0.0131296230802 	 0.0131296230802 
1.91124177558 	 11.9693122693 	 12.0803737391 	 0.109197380987 	 0.108111425948 	 0.0877095128792 	 0.00108386293907 	 0.911206624182 	 0.000210945468864 	 0.000210945468864 	 0.549631911342 	 0.255455006943 	 0.0586468483741 	 0.0114140695117 	 0.0114140695117 
1.92489349159 	 11.5384862662 	 12.0943166038 	 0.115195453493 	 0.110143833852 	 0.087581759075 	 0.000978620346267 	 0.911439620579 	 0.000188949304334 	 0.000188949304334 	 0.553557850412 	 0.260534773878 	 0.0529522663749 	 0.0102238768411 	 0.0102238768411 
1.93854520759 	 12.0689652274 	 12.105201472 	 0.112509086142 	 0.112033441443 	 0.0874627573723 	 0.000905828899607 	 0.911631413728 	 0.000180867469329 	 0.000180867469329 	 0.557483789483 	 0.26522475046 	 0.0490135866938 	 0.00978657602102 	 0.00978657602102 
1.95219692359 	 11.4401343652 	 12.1152109138 	 0.120035513999 	 0.113689963672 	 0.0873269738089 	 0.000846210793609 	 0.911826815398 	 0.000189886165565 	 0.000189886165565 	 0.561409728553 	 0.269351921187 	 0.0457877046225 	 0.0102745695593 	 0.0102745695593 
1.9658486396 	 11.5529420101 	 12.1209631449 	 0.120506868354 	 0.115120902757 	 0.0871834796609 	 0.00079303917313 	 0.912023481166 	 0.000186661830893 	 0.000186661830893 	 0.565335667624 	 0.272861695191 	 0.0429106360822 	 0.0101001037115 	 0.0101001037115 
1.97950061146 	 12.087908617 	 12.1241210759 	 0.11675997356 	 0.11626703379 	 0.0870284448339 	 0.000748545068115 	 0.912223010098 	 0.000185883381019 	 0.000185883381019 	 0.569261680273 	 0.275644601895 	 0.0405031000956 	 0.0100579824893 	 0.0100579824893 
1.99315232746 	 11.6437237612 	 12.1247686516 	 0.123046242626 	 0.118362540363 	 0.0868768537321 	 0.00070038868738 	 0.912422757581 	 0.000189206155835 	 0.000189206155835 	 0.573187619343 	 0.280626451875 	 0.0378974016651 	 0.0102377748447 	 0.0102377748447 
2.00680404346 	 11.599631941 	 12.124804628 	 0.126407430507 	 0.121171419078 	 0.0867243891 	 0.00063318514676 	 0.912642425753 	 0.000176776323835 	 0.000176776323835 	 0.577113558414 	 0.287286826631 	 0.0342610785518 	 0.00956520781956 	 0.00956520781956 
2.02045575947 	 12.0963114434 	 12.1330592196 	 0.124316152812 	 0.123786485486 	 0.0866047490482 	 0.000551929359622 	 0.912843321592 	 0.000150162711814 	 0.000150162711814 	 0.581039497484 	 0.293671503061 	 0.0298644010236 	 0.00812516922001 	 0.00812516922001 
2.03410747547 	 12.1197264658 	 12.1563559556 	 0.126640978596 	 0.126103169501 	 0.0865141202811 	 0.000468158309222 	 0.91301772141 	 0.000105752415311 	 0.000105752415311 	 0.584965436555 	 0.299698306022 	 0.0253316248636 	 0.00572216803657 	 0.00572216803657 
2.04775919147 	 12.1430454101 	 12.1795847361 	 0.128788836865 	 0.128243417231 	 0.0864529395638 	 0.000412520309579 	 0.913134540127 	 7.81821196414e-05 	 7.81821196414e-05 	 0.588891375625 	 0.305322970696 	 0.022321102766 	 0.0042303641456 	 0.0042303641456 
2.06141090748 	 11.7186926659 	 12.2011625983 	 0.135263936495 	 0.130129240295 	 0.0863816460536 	 0.000394574805774 	 0.913223779141 	 6.31698465409e-05 	 6.31698465409e-05 	 0.592817314696 	 0.310319984807 	 0.0213500877024 	 0.00341806355616 	 0.00341806355616 
2.07506262348 	 11.7286967933 	 12.2218290576 	 0.137066834739 	 0.131761146902 	 0.086310419738 	 0.000376446028595 	 0.913313134233 	 7.77325035244e-05 	 7.77325035244e-05 	 0.596743253766 	 0.314703501542 	 0.0203691558815 	 0.00420603582207 	 0.00420603582207 
2.08871433948 	 11.6667704843 	 12.2414761848 	 0.139324772765 	 0.133082337471 	 0.0862252505352 	 0.000384476963662 	 0.913390272501 	 0.000106201913838 	 0.000106201913838 	 0.600669192837 	 0.31833141134 	 0.0208037025518 	 0.00574648999738 	 0.00574648999738 
2.10236605548 	 11.667018686 	 12.2605476892 	 0.140538818564 	 0.134051545997 	 0.0861297669556 	 0.000371375185289 	 0.913498857859 	 0.000119612149194 	 0.000119612149194 	 0.604595131907 	 0.321111574058 	 0.020094777113 	 0.00647210576597 	 0.00647210576597 
2.11601777149 	 11.8826338517 	 12.2805505833 	 0.138943059165 	 0.134582322617 	 0.0860346697451 	 0.000364053657606 	 0.913601276597 	 0.00012689567831 	 0.00012689567831 	 0.608521070978 	 0.322869313361 	 0.0196986158379 	 0.00686621097273 	 0.00686621097273 
2.12966948749 	 11.783048949 	 12.3001337524 	 0.140285472161 	 0.134633681292 	 0.085952373113 	 0.000338003136646 	 0.91370962375 	 0.00011552300274 	 0.00011552300274 	 0.612447010048 	 0.323468801969 	 0.018289045589 	 0.00625084573079 	 0.00625084573079 
2.14332120349 	 11.88271792 	 12.3164390691 	 0.138935036387 	 0.134212742147 	 0.085876140797 	 0.000325313597372 	 0.913798545606 	 0.000118443752041 	 0.000118443752041 	 0.616372949119 	 0.322852777238 	 0.017602426037 	 0.00640888484737 	 0.00640888484737 
2.1569729195 	 11.6994690487 	 12.3283352747 	 0.140107140335 	 0.133300722468 	 0.0858030330315 	 0.000311976469782 	 0.913884990499 	 0.000119855225794 	 0.000119855225794 	 0.620298888189 	 0.320945346309 	 0.0168807660638 	 0.00648525842211 	 0.00648525842211 
2.1706246355 	 11.8252031951 	 12.3362420942 	 0.137317304763 	 0.131861688815 	 0.0857309331857 	 0.000299985754737 	 0.91396908106 	 0.00011219376044 	 0.00011219376044 	 0.62422482726 	 0.317668955488 	 0.0162319592619 	 0.00607070342559 	 0.00607070342559 
2.1842763515 	 11.8833704502 	 12.3407791215 	 0.134681715952 	 0.129873193943 	 0.0856685597636 	 0.000280530891391 	 0.914050909345 	 0.000106329264474 	 0.000106329264474 	 0.62815076633 	 0.312984900137 	 0.0151792741117 	 0.00575338082572 	 0.00575338082572 
2.19792806751 	 11.8552716227 	 12.3428177858 	 0.13234649775 	 0.127323548709 	 0.0856084541605 	 0.000257677155302 	 0.914133868684 	 0.000112358336906 	 0.000112358336906 	 0.632076705401 	 0.306887331236 	 0.0139426790157 	 0.00607960851005 	 0.00607960851005 
2.21157978351 	 11.8588225074 	 12.3430776155 	 0.129105623933 	 0.124237564617 	 0.085549356477 	 0.000249697120172 	 0.914200946403 	 0.000110997292728 	 0.000110997292728 	 0.636002644471 	 0.29945503005 	 0.0135108864953 	 0.00600596363426 	 0.00600596363426 
2.22523149951 	 11.8602396587 	 12.3430776155 	 0.12530574814 	 0.120594256064 	 0.0854883605449 	 0.000239001917735 	 0.914272637537 	 0.000114133720016 	 0.000114133720016 	 0.639928583542 	 0.290673410131 	 0.0129321787149 	 0.00617567289266 	 0.00617567289266 
2.23888321552 	 11.8585823123 	 12.3430776155 	 0.121049279055 	 0.116482816575 	 0.085429330056 	 0.000225621953563 	 0.91434504799 	 0.000115920677403 	 0.000115920677403 	 0.643854522612 	 0.280763434517 	 0.0122082008929 	 0.00627236354894 	 0.00627236354894 
2.25253493152 	 11.8838588469 	 12.3430976025 	 0.116165312142 	 0.112002660307 	 0.0853771030242 	 0.000196455281297 	 0.914426441695 	 9.99294288321e-05 	 9.99294288321e-05 	 0.647780461683 	 0.269965129722 	 0.0106300185007 	 0.00540709147771 	 0.00540709147771 
2.26618664752 	 11.8481738564 	 12.3430976025 	 0.111593788811 	 0.107296941845 	 0.0853314106708 	 0.000168383545646 	 0.914500205784 	 8.68279528347e-05 	 8.68279528347e-05 	 0.651706400753 	 0.258622721499 	 0.00911108214355 	 0.00469818240018 	 0.00469818240018 
2.27983861938 	 11.8459160222 	 12.3430976025 	 0.106711646156 	 0.102584752364 	 0.0852968894258 	 0.00014317762768 	 0.914559932946 	 7.39192918492e-05 	 7.39192918492e-05 	 0.655632413402 	 0.247264715886 	 0.00774721260267 	 0.00399970636945 	 0.00399970636945 
2.29349033539 	 11.8460601393 	 12.3430976025 	 0.101984975565 	 0.0980419777349 	 0.0852562870662 	 0.000128847010578 	 0.914614865923 	 6.29572091111e-05 	 6.29572091111e-05 	 0.659558352473 	 0.236315058631 	 0.00697179580595 	 0.00340655793616 	 0.00340655793616 
2.30714205139 	 11.8489504874 	 12.3430976025 	 0.0974949433392 	 0.093746629678 	 0.0852114010485 	 0.000118729917203 	 0.914669869034 	 5.62783645363e-05 	 5.62783645363e-05 	 0.663484291543 	 0.225961784948 	 0.00642436898678 	 0.00304517166584 	 0.00304517166584 
2.32079376739 	 11.8510521948 	 12.3431415736 	 0.0932811613652 	 0.0897092275517 	 0.0851853127306 	 7.50804487795e-05 	 0.914739606821 	 3.62610148809e-05 	 3.62610148809e-05 	 0.667410230614 	 0.216230962698 	 0.00406253552615 	 0.00196205088758 	 0.00196205088758 
2.3344454834 	 11.8552395966 	 12.3431375763 	 0.0892636675584 	 0.0858735698643 	 0.0851622817686 	 7.11854276334e-05 	 0.914766532804 	 3.44727639977e-05 	 3.44727639977e-05 	 0.671336169684 	 0.206985609241 	 0.00385177943666 	 0.00186529024135 	 0.00186529024135 
2.3480971994 	 11.8636224068 	 12.3431375763 	 0.0853984992965 	 0.0822087676043 	 0.0851333376786 	 6.90384581787e-05 	 0.914797623863 	 3.53630257476e-05 	 3.53630257476e-05 	 0.675262108755 	 0.198152142439 	 0.00373560885131 	 0.00191346150359 	 0.00191346150359 
2.3617489154 	 11.8719771943 	 12.3431415736 	 0.0817101244643 	 0.0787092218596 	 0.0851065774143 	 6.80105314155e-05 	 0.914825412054 	 3.72001943269e-05 	 3.72001943269e-05 	 0.679188047825 	 0.189717058996 	 0.00367998865908 	 0.00201286904233 	 0.00201286904233 
2.3754006314 	 11.8804881085 	 12.3431415736 	 0.078164858123 	 0.0753439439708 	 0.0850831264858 	 5.31977759919e-05 	 0.914863675738 	 2.63626064531e-05 	 2.63626064531e-05 	 0.683113986896 	 0.181605549205 	 0.00287848379161 	 0.00142645691413 	 0.00142645691413 
2.38905234741 	 11.8899798196 	 12.3550257871 	 0.0747204318674 	 0.0720127604653 	 0.0850640768062 	 4.75870909694e-05 	 0.914888336103 	 2.63726016554e-05 	 2.63726016554e-05 	 0.687039925966 	 0.173730816473 	 0.00257489467354 	 0.00142699774553 	 0.00142699774553 
2.40270406341 	 11.9011609031 	 12.3730619698 	 0.0721477842907 	 0.0694997931523 	 0.0850497811471 	 4.55907214957e-05 	 0.914904628131 	 2.44330284489e-05 	 2.44330284489e-05 	 0.690965865037 	 0.1678947205 	 0.00246687291765 	 0.00132204918455 	 0.00132204918455 
2.41635577941 	 11.914411668 	 12.3895031975 	 0.0728770172165 	 0.0701880749434 	 0.0850319409709 	 5.16701395095e-05 	 0.91491638889 	 2.84788847572e-05 	 2.84788847572e-05 	 0.694891804107 	 0.169765901937 	 0.00279582475612 	 0.00154096682894 	 0.00154096682894 
2.43000749542 	 11.9235270734 	 12.4044294178 	 0.0736104033849 	 0.0708654422222 	 0.0850155454793 	 4.90320612493e-05 	 0.914935422459 	 2.89600319578e-05 	 2.89600319578e-05 	 0.698817743178 	 0.171595345912 	 0.0026530807152 	 0.00156700127103 	 0.00156700127103 
2.44365921142 	 11.9298602184 	 12.4171091101 	 0.0743391853278 	 0.0715344520665 	 0.0850008298538 	 3.70392799691e-05 	 0.914962130866 	 1.76428759574e-05 	 1.76428759574e-05 	 0.702743682248 	 0.173379153076 	 0.00200416211122 	 0.00095464014301 	 0.00095464014301 
2.45731092742 	 11.9355128106 	 12.4272184864 	 0.0750367272614 	 0.072182855394 	 0.0849926489067 	 2.81378047781e-05 	 0.914979213289 	 1.35974496947e-05 	 1.35974496947e-05 	 0.706669621319 	 0.175082518141 	 0.00152251129817 	 0.00073574576801 	 0.00073574576801 
2.47096264343 	 11.941153393 	 12.4345376909 	 0.075649650752 	 0.0727645361941 	 0.0849841487851 	 2.84078096295e-05 	 0.914987443405 	 1.4307413114e-05 	 1.4307413114e-05 	 0.710595560389 	 0.176589616037 	 0.00153712101773 	 0.000774161249801 	 0.000774161249801 
2.48461435943 	 11.9474785316 	 12.4397262913 	 0.0760916938755 	 0.0731972233103 	 0.0849746407439 	 2.68396715795e-05 	 0.914998519585 	 1.30722950463e-05 	 1.30722950463e-05 	 0.71452149946 	 0.177708295573 	 0.00145227047886 	 0.000707330122516 	 0.000707330122516 
2.49826607543 	 11.9556451661 	 12.4435357953 	 0.0762773616622 	 0.0734013046351 	 0.0849688452064 	 2.81423068188e-05 	 0.915003012487 	 1.3513031392e-05 	 1.3513031392e-05 	 0.71844743853 	 0.178254276465 	 0.00152275489954 	 0.000731177969608 	 0.000731177969608 
2.51191779144 	 11.9660215959 	 12.447509192 	 0.0761432683971 	 0.0733092851537 	 0.0849570189502 	 2.94870730957e-05 	 0.915013493977 	 1.37069131187e-05 	 1.37069131187e-05 	 0.722373377601 	 0.178083427267 	 0.00159551899277 	 0.000741668735385 	 0.000741668735385 
2.52556950744 	 11.826820509 	 12.4525938605 	 0.076620423832 	 0.0729491298384 	 0.084947611701 	 2.50171010352e-05 	 0.915027371198 	 1.22059663462e-05 	 1.22059663462e-05 	 0.726299316671 	 0.177275540186 	 0.00135365282665 	 0.000660453856078 	 0.000660453856078 
2.53922122344 	 11.9776990827 	 12.4594573635 	 0.0750919939577 	 0.0722980134948 	 0.0849358862368 	 2.81938451056e-05 	 0.915035919918 	 1.32924750741e-05 	 1.32924750741e-05 	 0.730225255742 	 0.175782884319 	 0.00152554358987 	 0.000719243865706 	 0.000719243865706 
2.55287293945 	 11.9788039804 	 12.4679158216 	 0.0741898142079 	 0.0713906182059 	 0.0849236736115 	 2.58309120866e-05 	 0.915050495476 	 1.32374930622e-05 	 1.32374930622e-05 	 0.734151194812 	 0.173685757344 	 0.00139768741037 	 0.00071626883851 	 0.00071626883851 
