#t/Tc 	 (Rf-Ro)/Ro 	 (Rfmax-Ro)/Ro 	 H/R 	 H/Rmax 	 Ep/Eo 	 Ek/Eo 	 Ec/Eo 	 Ekx/Eo 	 Eky/Eo 	 t/(d/g)^0.5 	 H/d 	 KE/mgd 	 KEx/mgd 	 KEy/mgd 
0.0136515941468 	 0.0 	 0.0 	 5.99974217043 	 5.99052293356 	 1.0 	 0.00107823214102 	 0.0 	 0.0010325305109 	 0.0010325305109 	 0.00392594201364 	 1.08214120405 	 0.0583423375702 	 0.0558694564247 	 0.0558694564247 
0.0273031934107 	 0.0105065550366 	 0.00895380509734 	 5.92652109712 	 5.92652109712 	 0.996306321334 	 0.00354529821147 	 0.000148380454278 	 0.00331886132965 	 0.00331886132965 	 0.00785188549886 	 1.08016553453 	 0.191833443998 	 0.17958111308 	 0.17958111308 
0.0409547773234 	 0.0150926384853 	 0.0242527036502 	 5.88488060606 	 5.82328925426 	 0.990932277574 	 0.00657824549591 	 0.00248947692988 	 0.00611888746829 	 0.00611888746829 	 0.0117778245694 	 1.07744393424 	 0.355943961177 	 0.33108844065 	 0.33108844065 
0.0546063868215 	 0.0260980376928 	 0.0426979658765 	 5.80502395471 	 5.70382896698 	 0.984145134627 	 0.00969771738789 	 0.00615714798552 	 0.00887349520139 	 0.00887349520139 	 0.0157037709977 	 1.0743461191 	 0.524736260385 	 0.480138212146 	 0.480138212146 
0.0682579707341 	 0.0543267725583 	 0.0583378437475 	 5.63273551626 	 5.60276511516 	 0.97604652409 	 0.0137645352085 	 0.0101889407014 	 0.0130464819256 	 0.0130464819256 	 0.0196297100682 	 1.07113926665 	 0.744788741755 	 0.705935413768 	 0.705935413768 
0.0819095802322 	 0.0781379740521 	 0.0800541889289 	 5.48887184848 	 5.47071431294 	 0.966577818811 	 0.017664546178 	 0.0157576350109 	 0.0163810549965 	 0.0163810549965 	 0.0235556564966 	 1.06735473305 	 0.955815428731 	 0.886366677456 	 0.886366677456 
0.0955611641449 	 0.104821733271 	 0.108341081652 	 5.34078370196 	 5.31564433397 	 0.956007964558 	 0.023033231181 	 0.0209588042614 	 0.0220394925274 	 0.0220394925274 	 0.0274815955671 	 1.06426197262 	 1.24631097309 	 1.19254051516 	 1.19254051516 
0.109212773643 	 0.112229929529 	 0.13749261478 	 5.32301404666 	 5.19679698844 	 0.943870295906 	 0.0290114537972 	 0.027118250297 	 0.0274742296703 	 0.0274742296703 	 0.0314075419954 	 1.0678334863 	 1.56978814343 	 1.48661009158 	 1.48661009158 
0.122864357556 	 0.124450010289 	 0.168246710729 	 5.28760367184 	 5.08155498002 	 0.930642061405 	 0.0341293523312 	 0.0352285862641 	 0.0315383681123 	 0.0315383681123 	 0.0353334810659 	 1.07238416951 	 1.84671381886 	 1.70651759378 	 1.70651759378 
0.136515941468 	 0.198540380355 	 0.199313804106 	 4.97769135877 	 4.96683748719 	 0.916592038836 	 0.0407096035813 	 0.042698357583 	 0.0382899148025 	 0.0382899148025 	 0.0392594201364 	 1.07604883428 	 2.2027663099 	 2.07183875342 	 2.07183875342 
0.150167550966 	 0.241706415392 	 0.243822598015 	 4.81360643972 	 4.79803276096 	 0.90102728548 	 0.0485030673424 	 0.0504696471771 	 0.045616629147 	 0.045616629147 	 0.0431853665648 	 1.07805483205 	 2.62446482574 	 2.46828180617 	 2.46828180617 
0.163819134879 	 0.269396270439 	 0.301236639647 	 4.70968393066 	 4.58738134743 	 0.88454381607 	 0.0558341493259 	 0.0596220346041 	 0.0513089561964 	 0.0513089561964 	 0.0471113056353 	 1.07830179074 	 3.02114420819 	 2.77628938047 	 2.77628938047 
0.177470744377 	 0.29306574574 	 0.354152392572 	 4.61658450436 	 4.40155367915 	 0.866840263516 	 0.0645984048375 	 0.0685613316461 	 0.0602915936557 	 0.0602915936557 	 0.0510372520637 	 1.07669511506 	 3.49537154213 	 3.26233319885 	 3.26233319885 
0.19112232829 	 0.322452311538 	 0.396870745254 	 4.50105307389 	 4.25471113086 	 0.847539163023 	 0.0750910022774 	 0.0773698347 	 0.0701091388981 	 0.0701091388981 	 0.0549631911342 	 1.07360740934 	 4.06311816973 	 3.79355325514 	 3.79355325514 
0.204773937788 	 0.372395581025 	 0.440887857379 	 4.31797403334 	 4.10640049204 	 0.826991605566 	 0.0856049003565 	 0.0874034940776 	 0.0791330505455 	 0.0791330505455 	 0.0588891375625 	 1.06883504098 	 4.63201735903 	 4.28183038907 	 4.28183038907 
0.2184255217 	 0.508531196177 	 0.506213178831 	 3.90488777777 	 3.90488777777 	 0.805132412534 	 0.0967305198683 	 0.0981370675974 	 0.0888926069815 	 0.0888926069815 	 0.062815076633 	 1.06246394006 	 5.23401633916 	 4.80991271427 	 4.80991271427 
0.232077131199 	 0.48316220763 	 0.585533442756 	 3.9419219976 	 3.68174255792 	 0.782295876294 	 0.107200254398 	 0.110503869308 	 0.0968876036831 	 0.0968876036831 	 0.0667410230614 	 1.05450349389 	 5.80052587173 	 5.24251602731 	 5.24251602731 
0.245728715111 	 0.497244346366 	 0.680910914456 	 3.8691548001 	 3.44109163455 	 0.758510554484 	 0.117773821145 	 0.123715624372 	 0.106335327496 	 0.106335327496 	 0.0706669621319 	 1.04486488399 	 6.37265368817 	 5.75372532169 	 5.75372532169 
0.259380350195 	 0.559028959385 	 0.785906161532 	 3.67546356002 	 3.20361129049 	 0.733865479744 	 0.128446230921 	 0.137688289335 	 0.113918859011 	 0.113918859011 	 0.0745929159181 	 1.03351706001 	 6.95012982726 	 6.16406456014 	 6.16406456014 
0.273031934107 	 0.796515217149 	 0.896063267853 	 3.14922439807 	 2.97929721249 	 0.708613807148 	 0.13902339257 	 0.152362800281 	 0.122268020836 	 0.122268020836 	 0.0785188549886 	 1.02043619259 	 7.52245216121 	 6.61583148406 	 6.61583148406 
0.28668351802 	 0.791685316606 	 1.0045718411 	 3.11219435894 	 2.77740343189 	 0.682664488223 	 0.147598529315 	 0.169736982462 	 0.126501892448 	 0.126501892448 	 0.0824447940591 	 1.00572626435 	 7.98644641964 	 6.84492312154 	 6.84492312154 
0.300335101933 	 0.976356147514 	 1.11272304564 	 2.77480704411 	 2.59171698618 	 0.656571373184 	 0.1562651177 	 0.187163509116 	 0.13144102016 	 0.13144102016 	 0.0863707331296 	 0.989120819845 	 8.45538905816 	 7.11217564102 	 7.11217564102 
0.313986685845 	 0.976160773553 	 1.22308402002 	 2.73567094672 	 2.42807670931 	 0.630650275926 	 0.159202388494 	 0.210147335581 	 0.128719745911 	 0.128719745911 	 0.0902966722001 	 0.975073780714 	 8.61432259172 	 6.96492951953 	 6.96492951953 
0.327638269758 	 1.26052597233 	 1.33405459986 	 2.38014105917 	 2.30161846905 	 0.605374917288 	 0.164653840255 	 0.229971242457 	 0.130054781952 	 0.130054781952 	 0.0942226112706 	 0.97042850221 	 8.90929658368 	 7.03716732472 	 7.03716732472 
0.341289853671 	 1.13501461701 	 1.44636950965 	 2.5048961293 	 2.18273326185 	 0.579685808852 	 0.170561508703 	 0.249752682444 	 0.131527986571 	 0.131527986571 	 0.0981485503411 	 0.964588145838 	 9.22895612058 	 7.11688132871 	 7.11688132871 
0.354941437583 	 1.27036273098 	 1.56805635393 	 2.33817205278 	 2.06395066479 	 0.554591371259 	 0.175030779256 	 0.270377849485 	 0.130372309303 	 0.130372309303 	 0.102074489412 	 0.957465337326 	 9.47078501933 	 7.05434849309 	 7.05434849309 
0.368593021496 	 1.51458258433 	 1.69618462931 	 2.09225839969 	 1.948335494 	 0.5294215079 	 0.178743608338 	 0.291834883761 	 0.127421213253 	 0.127421213253 	 0.106000428482 	 0.948926487908 	 9.67168343391 	 6.89466688517 	 6.89466688517 
0.382244605409 	 1.63113676417 	 1.82619728512 	 1.97841595804 	 1.83903799484 	 0.50491048608 	 0.180222726069 	 0.314866787852 	 0.124336820221 	 0.124336820221 	 0.109926367553 	 0.938884945413 	 9.75171739194 	 6.72777267694 	 6.72777267694 
0.395896189321 	 1.94819066897 	 1.95191552028 	 1.74406979766 	 1.73919249137 	 0.481395453926 	 0.181399972753 	 0.337204573321 	 0.119433759128 	 0.119433759128 	 0.113852306623 	 0.927407865273 	 9.81541733264 	 6.46247169532 	 6.46247169532 
0.409547773234 	 2.09507145162 	 2.09031554778 	 1.63795441837 	 1.63795441837 	 0.458910176649 	 0.182251494362 	 0.358838328988 	 0.112970930171 	 0.112970930171 	 0.117778245694 	 0.914373934449 	 9.86149253233 	 6.11277283706 	 6.11277283706 
0.423199357147 	 2.10626982265 	 2.21796972999 	 1.60568956895 	 1.54757233143 	 0.437164038272 	 0.181334458168 	 0.38150150356 	 0.104470362462 	 0.104470362462 	 0.121704184764 	 0.899605515988 	 9.81187238731 	 5.65281345359 	 5.65281345359 
0.43685094106 	 2.12502652362 	 2.34167446828 	 1.56671675884 	 1.46289179389 	 0.417290441103 	 0.17981720759 	 0.402892351307 	 0.0939986288973 	 0.0939986288973 	 0.125630123835 	 0.883070837428 	 9.72977508931 	 5.08619575474 	 5.08619575474 
0.450502524972 	 2.20089447644 	 2.47419989783 	 1.4974363708 	 1.37751735363 	 0.39817042964 	 0.180572137185 	 0.421257433176 	 0.087807013521 	 0.087807013521 	 0.129556062905 	 0.864512108558 	 9.77062376704 	 4.75117206118 	 4.75117206118 
0.464154364739 	 2.33206366949 	 2.60692399879 	 1.4046308296 	 1.29559911809 	 0.380111922428 	 0.180921884273 	 0.438966193299 	 0.0820947801171 	 0.0820947801171 	 0.133482075554 	 0.844164012342 	 9.78954832134 	 4.44208736889 	 4.44208736889 
0.477805948651 	 2.61401391799 	 2.73579339452 	 1.2612487662 	 1.21825968527 	 0.362669588281 	 0.181396277058 	 0.455934134661 	 0.0764242912624 	 0.0764242912624 	 0.137408014625 	 0.822132697692 	 9.81521736137 	 4.13526144304 	 4.13526144304 
0.491457532564 	 2.64374358929 	 2.8600421807 	 1.21552890329 	 1.1456532597 	 0.346313116373 	 0.180002160301 	 0.473684723326 	 0.0668506114611 	 0.0668506114611 	 0.141333953695 	 0.798848537059 	 9.73978274266 	 3.61723676402 	 3.61723676402 
0.505109116477 	 2.74717808737 	 2.98109423581 	 1.14751222381 	 1.07842846854 	 0.331038139063 	 0.177813637213 	 0.491148223723 	 0.0605862077017 	 0.0605862077017 	 0.145259892766 	 0.775555711209 	 9.62136338943 	 3.27827454531 	 3.27827454531 
0.518760700389 	 2.90500261433 	 3.10725378535 	 1.07001425289 	 1.0157609214 	 0.317176596914 	 0.174140788826 	 0.50868261426 	 0.0532103406204 	 0.0532103406204 	 0.149185831836 	 0.753637044381 	 9.42262830046 	 2.87917187459 	 2.87917187459 
0.532412284302 	 3.24576442865 	 3.23924036364 	 0.955236040494 	 0.955236040494 	 0.30401286908 	 0.171787807333 	 0.524199323587 	 0.0494635783428 	 0.0494635783428 	 0.153111770907 	 0.731506079733 	 9.29531022548 	 2.67643736012 	 2.67643736012 
0.546063868215 	 3.14294087455 	 3.37332158627 	 0.953744492966 	 0.902114186162 	 0.292078799598 	 0.16449421985 	 0.543426980552 	 0.0402437276925 	 0.0402437276925 	 0.157037709977 	 0.712675985145 	 8.90065964252 	 2.17755811277 	 2.17755811277 
0.559715452127 	 3.28883477849 	 3.50645941946 	 0.897833193622 	 0.853162300061 	 0.282065987297 	 0.160188534175 	 0.557745478528 	 0.033911121571 	 0.033911121571 	 0.160963649048 	 0.694522499597 	 8.66768219958 	 1.83490551507 	 1.83490551507 
0.57336703604 	 3.53069813362 	 3.63791833925 	 0.826656628369 	 0.806304956776 	 0.271915594369 	 0.158650167743 	 0.569434237888 	 0.0332885650341 	 0.0332885650341 	 0.164889588118 	 0.675525310738 	 8.58444233842 	 1.80121944483 	 1.80121944483 
0.587018619953 	 3.58169554171 	 3.7670987337 	 0.793868161943 	 0.761820424537 	 0.262175927489 	 0.155712241803 	 0.582111830708 	 0.0291494711881 	 0.0291494711881 	 0.168815527189 	 0.656033410189 	 8.42547335541 	 1.57725616159 	 1.57725616159 
0.600670203865 	 3.52556956714 	 3.8924136299 	 0.779446737174 	 0.71989419027 	 0.253267959857 	 0.152221927127 	 0.594510113016 	 0.0249771496889 	 0.0249771496889 	 0.172741466259 	 0.636225445843 	 8.23661502951 	 1.3514949548 	 1.3514949548 
0.614321787778 	 3.68873484951 	 4.01472646903 	 0.730769933569 	 0.682214966524 	 0.245453749811 	 0.150202549256 	 0.604343700932 	 0.0229624754299 	 0.0229624754299 	 0.17666740533 	 0.617998883631 	 8.12734799795 	 1.24248243214 	 1.24248243214 
0.627973371691 	 3.91897985967 	 4.13222242565 	 0.675037642941 	 0.64599582829 	 0.237841963032 	 0.148144786559 	 0.614013250409 	 0.0209012858161 	 0.0209012858161 	 0.1805933444 	 0.598900095101 	 8.01600399201 	 1.13095299829 	 1.13095299829 
0.641624955603 	 3.95374681617 	 4.24564102113 	 0.647947603477 	 0.610952258662 	 0.230712632371 	 0.146074844869 	 0.62321252276 	 0.0188372908342 	 0.0188372908342 	 0.184519283471 	 0.578928646991 	 7.90400098982 	 1.01927176806 	 1.01927176806 
0.655276539516 	 4.15270396761 	 4.35417078067 	 0.600696021613 	 0.577204722381 	 0.224286659568 	 0.142480563587 	 0.633232776846 	 0.0159366393336 	 0.0159366393336 	 0.188445222541 	 0.558266147813 	 7.70951710837 	 0.862319677153 	 0.862319677153 
0.668928123429 	 4.25860626302 	 4.45383827587 	 0.571985662526 	 0.550662737056 	 0.218423608231 	 0.13976143956 	 0.641814952209 	 0.0146143198419 	 0.0146143198419 	 0.192371161612 	 0.542509244704 	 7.5623873338 	 0.790769954945 	 0.790769954945 
0.682579707341 	 4.48083213293 	 4.57414441374 	 0.532298164776 	 0.522583148193 	 0.21312263843 	 0.136126388048 	 0.650750973522 	 0.0126236272805 	 0.0126236272805 	 0.196297100682 	 0.526202389145 	 7.36569740559 	 0.683055064063 	 0.683055064063 
0.696231291254 	 4.55456578538 	 4.69973513142 	 0.508685279352 	 0.494967584384 	 0.208498484681 	 0.132153482864 	 0.659348032454 	 0.0114373899796 	 0.0114373899796 	 0.200223039753 	 0.50962488997 	 7.15072646701 	 0.618868647786 	 0.618868647786 
0.709882875167 	 4.74425068081 	 4.8225916187 	 0.474844227424 	 0.467735532991 	 0.203731038777 	 0.129741689433 	 0.66652727179 	 0.0113050018033 	 0.0113050018033 	 0.204148978823 	 0.491966910424 	 7.02022612188 	 0.611705222234 	 0.611705222234 
0.72353445908 	 4.70785427345 	 4.93932007205 	 0.460389999811 	 0.441767920253 	 0.199036834819 	 0.127181631458 	 0.673781533723 	 0.0104845777829 	 0.0104845777829 	 0.208074917894 	 0.473969182155 	 6.88170329278 	 0.567312689929 	 0.567312689929 
0.737186042992 	 5.02371951986 	 5.06042169508 	 0.418889078679 	 0.415712499159 	 0.194891273508 	 0.124064010773 	 0.68104471572 	 0.00909343102062 	 0.00909343102062 	 0.212000856964 	 0.455108687097 	 6.71301116101 	 0.492038775412 	 0.492038775412 
0.750837626905 	 4.95566692583 	 5.1862722446 	 0.405515091178 	 0.389798839341 	 0.190937216366 	 0.120815024947 	 0.688247758687 	 0.0086134980538 	 0.0086134980538 	 0.215926796035 	 0.435600900316 	 6.53721095936 	 0.46606996026 	 0.46606996026 
0.764489466671 	 4.97532843244 	 5.3062146179 	 0.384821996888 	 0.364070148215 	 0.187346177216 	 0.117010929009 	 0.695642893776 	 0.00767899970317 	 0.00767899970317 	 0.219852808684 	 0.414737223679 	 6.33137416324 	 0.415504950966 	 0.415504950966 
0.778141050584 	 5.20438838742 	 5.43274472761 	 0.352131487318 	 0.339109274204 	 0.183934715221 	 0.11347490531 	 0.702590379469 	 0.00740881419778 	 0.00740881419778 	 0.223778747754 	 0.394053494718 	 6.14004255625 	 0.400885414632 	 0.400885414632 
0.791792634497 	 5.34006519405 	 5.55384635064 	 0.346423950417 	 0.3346089287 	 0.180616485519 	 0.111062221553 	 0.708321292929 	 0.00709543442301 	 0.00709543442301 	 0.227704686825 	 0.39614390615 	 6.00949403622 	 0.383928668574 	 0.383928668574 
0.805444218409 	 5.64707855875 	 5.68354640876 	 0.333431930566 	 0.331103047427 	 0.177447595472 	 0.107972688146 	 0.714579716382 	 0.00649412644953 	 0.00649412644953 	 0.231630625895 	 0.399750802796 	 5.84232168614 	 0.351392342269 	 0.351392342269 
0.819095802322 	 5.63224935483 	 5.81031236584 	 0.334780747875 	 0.325526566022 	 0.17462946043 	 0.105521333984 	 0.719849205585 	 0.0059972672019 	 0.0059972672019 	 0.235556564966 	 0.400472470966 	 5.70968073941 	 0.324507658677 	 0.324507658677 
0.832747386235 	 5.79607522538 	 5.92737660186 	 0.324925744003 	 0.31827728777 	 0.172008877058 	 0.102779431041 	 0.725211691901 	 0.00570159148364 	 0.00570159148364 	 0.239482504036 	 0.398284720262 	 5.56131841462 	 0.308508865922 	 0.308508865922 
0.846398970147 	 5.98038333332 	 6.03564253215 	 0.312165236054 	 0.30923752691 	 0.169522346605 	 0.100314251623 	 0.730163401773 	 0.00563637927434 	 0.00563637927434 	 0.243408443107 	 0.393020456411 	 5.42792939352 	 0.304980281878 	 0.304980281878 
0.86005055406 	 6.04930069734 	 6.14903714316 	 0.310997264811 	 0.306187318834 	 0.167276389065 	 0.0970617548871 	 0.735661856048 	 0.00560475924818 	 0.00560475924818 	 0.247334382177 	 0.395415739067 	 5.25193921917 	 0.303269345828 	 0.303269345828 
0.873702137973 	 6.16698548387 	 6.26485818378 	 0.31141959533 	 0.306752045516 	 0.165176814624 	 0.093445937785 	 0.741377247591 	 0.00581300827348 	 0.00581300827348 	 0.251260321248 	 0.402562954608 	 5.05629005055 	 0.314537545384 	 0.314537545384 
0.887353721885 	 6.20678492129 	 6.39257152771 	 0.313874790844 	 0.305516457502 	 0.163289960999 	 0.0900807223672 	 0.746629316634 	 0.00551863948719 	 0.00551863948719 	 0.255186260318 	 0.4079898357 	 4.87420075231 	 0.298609469743 	 0.298609469743 
0.901005305798 	 6.22487703051 	 6.51940943821 	 0.315749765462 	 0.302915788841 	 0.161355516908 	 0.0878422906049 	 0.750802192488 	 0.00600597056245 	 0.00600597056245 	 0.259112199389 	 0.41145736677 	 4.7530808779 	 0.32497859103 	 0.32497859103 
0.914656889711 	 6.37062280254 	 6.62919838281 	 0.310102959509 	 0.299132318313 	 0.159472459769 	 0.0843458108379 	 0.756181729394 	 0.00584548334896 	 0.00584548334896 	 0.263038138459 	 0.412250739612 	 4.56388896355 	 0.316294747515 	 0.316294747515 
0.928308473623 	 6.51724935883 	 6.72100696429 	 0.304818924191 	 0.29631871793 	 0.157598322692 	 0.0817460745425 	 0.760655602765 	 0.0058992221067 	 0.0058992221067 	 0.26696407753 	 0.413287460636 	 4.42321917013 	 0.319202511646 	 0.319202511646 
0.941960057536 	 6.80790415786 	 6.81208401922 	 0.294034420414 	 0.293425523913 	 0.155829344923 	 0.0788440808329 	 0.765326574244 	 0.00558837724238 	 0.00558837724238 	 0.2708900166 	 0.414079750326 	 4.26619445329 	 0.302382927703 	 0.302382927703 
0.955611641449 	 6.77754112262 	 6.9111558999 	 0.293322897438 	 0.287925736798 	 0.154336116359 	 0.075544094423 	 0.770119789218 	 0.00554007115556 	 0.00554007115556 	 0.274815955671 	 0.411471375538 	 4.08763464804 	 0.299769121346 	 0.299769121346 
0.969263225362 	 6.8908099772 	 7.02205612528 	 0.28512993253 	 0.280034054012 	 0.152836470726 	 0.0723317127713 	 0.774831816503 	 0.00544766535419 	 0.00544766535419 	 0.278741894741 	 0.405803456988 	 3.91381507098 	 0.294769112302 	 0.294769112302 
0.982914809274 	 7.0072376444 	 7.12826738535 	 0.277545753132 	 0.272992974267 	 0.151374252399 	 0.0692838903165 	 0.779341857285 	 0.00514125532327 	 0.00514125532327 	 0.282667833812 	 0.40083778208 	 3.74889966942 	 0.278189493889 	 0.278189493889 
0.996566393187 	 7.14697006214 	 7.23140863233 	 0.279169985783 	 0.27588165992 	 0.149950771669 	 0.0660739276648 	 0.783975300666 	 0.00512988098352 	 0.00512988098352 	 0.286593772882 	 0.410219396078 	 3.57521098265 	 0.277574036842 	 0.277574036842 
1.0102179771 	 7.26551161154 	 7.3306324147 	 0.281204463178 	 0.278577556878 	 0.148785787972 	 0.0629671756814 	 0.788247036347 	 0.00472235171152 	 0.00472235171152 	 0.290519711953 	 0.419221256933 	 3.40710694821 	 0.255522931656 	 0.255522931656 
1.02386956101 	 7.25256007949 	 7.42460759397 	 0.285730094023 	 0.279464819942 	 0.147468340077 	 0.0610791797507 	 0.791452480172 	 0.00476754165594 	 0.00476754165594 	 0.294445651023 	 0.425300628878 	 3.30494889548 	 0.257968125869 	 0.257968125869 
1.03752114492 	 7.37070127241 	 7.51370592952 	 0.284086469754 	 0.278885474908 	 0.14623972324 	 0.0585240773657 	 0.795236199395 	 0.00458688434979 	 0.00458688434979 	 0.298371590094 	 0.428907597735 	 3.16669420968 	 0.248192893674 	 0.248192893674 
1.05117272884 	 7.45281438593 	 7.61223815946 	 0.281744707818 	 0.276104329034 	 0.145034204493 	 0.0560122146063 	 0.798953580901 	 0.00460199134099 	 0.00460199134099 	 0.302297529164 	 0.429544780037 	 3.0307791878 	 0.249010321708 	 0.249010321708 
1.0648245686 	 7.44634862882 	 7.72003639245 	 0.282722245317 	 0.273427904759 	 0.143924840997 	 0.0535825306537 	 0.802492628349 	 0.00438885056006 	 0.00438885056006 	 0.306223541813 	 0.430705413667 	 2.89931079991 	 0.237477432901 	 0.237477432901 
1.07847615252 	 7.68534543157 	 7.82251007148 	 0.275738256101 	 0.271034206216 	 0.142806255064 	 0.0508671191205 	 0.806326625816 	 0.00426591664227 	 0.00426591664227 	 0.310149480884 	 0.431951977366 	 2.75238190558 	 0.230825570229 	 0.230825570229 
1.09212773643 	 7.78678775582 	 7.91909156394 	 0.275252022904 	 0.270752316226 	 0.14171562202 	 0.048521932183 	 0.809762445797 	 0.00442781829883 	 0.00442781829883 	 0.314075419954 	 0.436226456785 	 2.6254855882 	 0.239585948204 	 0.239585948204 
1.10577932034 	 7.88251699313 	 8.01015662663 	 0.277916545722 	 0.273558527363 	 0.140471768842 	 0.0463240690672 	 0.813204162091 	 0.00433732753916 	 0.00433732753916 	 0.318001359025 	 0.445247814379 	 2.50656085302 	 0.234689560639 	 0.234689560639 
1.11943090425 	 7.82772420563 	 8.0958131897 	 0.284376947309 	 0.275571157037 	 0.139276446852 	 0.0441454067641 	 0.816578146384 	 0.00434759653028 	 0.00434759653028 	 0.321927298095 	 0.452787564258 	 2.3886750595 	 0.235245208095 	 0.235245208095 
1.13308248817 	 8.06284155412 	 8.18011462981 	 0.280529250212 	 0.276520021215 	 0.138006152659 	 0.0422917639936 	 0.819702083347 	 0.0045867415616 	 0.0045867415616 	 0.325853237166 	 0.45855758795 	 2.28837583067 	 0.248185167511 	 0.248185167511 
1.14673407208 	 8.04863290274 	 8.26128209823 	 0.283268853666 	 0.276339411926 	 0.13679969319 	 0.0405119847173 	 0.822688322093 	 0.00458638543103 	 0.00458638543103 	 0.329779176236 	 0.462309843614 	 2.19207330045 	 0.248165897551 	 0.248165897551 
1.16038565599 	 8.24267768021 	 8.35335051155 	 0.278426127907 	 0.274708902404 	 0.135607798117 	 0.0387182625935 	 0.825673939289 	 0.00446399578825 	 0.00446399578825 	 0.333705115307 	 0.464150841212 	 2.09501633315 	 0.241543485194 	 0.241543485194 
1.17403723991 	 8.36367741837 	 8.4534697144 	 0.274854190227 	 0.271825199998 	 0.13440481596 	 0.0374221657341 	 0.828173018306 	 0.0043656415986 	 0.0043656415986 	 0.337631054377 	 0.464194672769 	 2.02488549804 	 0.236221613294 	 0.236221613294 
1.18768882382 	 8.28564393736 	 8.54979137502 	 0.276114754862 	 0.268064870847 	 0.133212484123 	 0.0362406354041 	 0.830546880473 	 0.004348979056 	 0.004348979056 	 0.341556993448 	 0.462437438937 	 1.96095377245 	 0.235320015531 	 0.235320015531 
1.20134040773 	 8.56697043047 	 8.64278319072 	 0.265843674269 	 0.26334829305 	 0.13205845312 	 0.0353447654603 	 0.83259678142 	 0.00432985887655 	 0.00432985887655 	 0.345482932518 	 0.458724682221 	 1.91247891746 	 0.234285436871 	 0.234285436871 
1.21499199164 	 8.48622253254 	 8.73289686915 	 0.264859899622 	 0.257750516572 	 0.130906269964 	 0.0343955935227 	 0.834698136513 	 0.00407861884505 	 0.00407861884505 	 0.349408871589 	 0.453169700335 	 1.86111993131 	 0.22069102601 	 0.22069102601 
1.22864357556 	 8.65994521522 	 8.81713035324 	 0.259422397544 	 0.254876457273 	 0.129872987379 	 0.0332001035466 	 0.836926909074 	 0.00397198461986 	 0.00397198461986 	 0.353334810659 	 0.451994841307 	 1.79643285968 	 0.214921127557 	 0.214921127557 
1.24229515947 	 8.84366079557 	 8.896171198 	 0.253645508809 	 0.251911946952 	 0.128729925869 	 0.0321538356353 	 0.839116238495 	 0.00372405223495 	 0.00372405223495 	 0.35726074973 	 0.450334441278 	 1.73982008275 	 0.201505690987 	 0.201505690987 
1.25594674338 	 8.85692860923 	 8.9715584074 	 0.253712655938 	 0.25041068301 	 0.127667615284 	 0.0308356821992 	 0.841496702517 	 0.00344690538501 	 0.00344690538501 	 0.3611866888 	 0.451060803107 	 1.66849578271 	 0.186509481488 	 0.186509481488 
1.26959832729 	 9.00566904772 	 9.04593027393 	 0.251763891501 	 0.250369582207 	 0.126644915825 	 0.0295371327425 	 0.843817951433 	 0.00337668550967 	 0.00337668550967 	 0.365112627871 	 0.454350408384 	 1.59823223939 	 0.182709936366 	 0.182709936366 
1.28324991121 	 8.87257053681 	 9.12060994125 	 0.256009805571 	 0.249351683986 	 0.125702648116 	 0.028526360297 	 0.845770991587 	 0.00321603702951 	 0.00321603702951 	 0.369038566941 	 0.455867038019 	 1.54354009566 	 0.174017366833 	 0.174017366833 
1.29690149512 	 8.9994314938 	 9.19715640038 	 0.252462492473 	 0.247186781025 	 0.124888016257 	 0.027280642473 	 0.84783134127 	 0.00320762428495 	 0.00320762428495 	 0.372964506012 	 0.45532712278 	 1.47613523261 	 0.173562159494 	 0.173562159494 
1.31055307903 	 9.19611862402 	 9.27424251025 	 0.246350814368 	 0.244101932011 	 0.124118942232 	 0.0261527165118 	 0.849728341256 	 0.00328240498327 	 0.00328240498327 	 0.376890445082 	 0.453043838056 	 1.41510399947 	 0.177608487348 	 0.177608487348 
1.32420466294 	 9.32987772312 	 9.34992952561 	 0.243294821659 	 0.242450341945 	 0.123500366966 	 0.0250286710299 	 0.851470962004 	 0.0033393472362 	 0.0033393472362 	 0.380816384153 	 0.45329339631 	 1.35428273617 	 0.180689590216 	 0.180689590216 
1.33785624686 	 9.28829669938 	 9.42393762757 	 0.245190140494 	 0.241627759023 	 0.122839576789 	 0.023901081041 	 0.85325934217 	 0.00337446137353 	 0.00337446137353 	 0.384742323223 	 0.454985785433 	 1.29326968223 	 0.182589590017 	 0.182589590017 
1.35150783077 	 9.28562231811 	 9.4934686271 	 0.245672752807 	 0.240436636807 	 0.122264845899 	 0.0228879231927 	 0.854847230909 	 0.00344322648913 	 0.00344322648913 	 0.388668262294 	 0.455762838783 	 1.23844846614 	 0.186310419173 	 0.186310419173 
1.36515941468 	 9.44610921565 	 9.55847855268 	 0.241801554652 	 0.238860565594 	 0.121729675738 	 0.0218422600314 	 0.85642806423 	 0.00345514342402 	 0.00345514342402 	 0.392594201364 	 0.455580363751 	 1.18186841179 	 0.186955235639 	 0.186955235639 
1.37881125445 	 9.46301226612 	 9.62537525713 	 0.240775626152 	 0.236732086486 	 0.121211472175 	 0.0203678123152 	 0.85842071551 	 0.00333111423677 	 0.00333111423677 	 0.396520214014 	 0.454381458746 	 1.10208714474 	 0.180244108753 	 0.180244108753 
1.39246283836 	 9.4827218155 	 9.70904910342 	 0.239282493879 	 0.233865535397 	 0.120808171113 	 0.0191009786367 	 0.86009085025 	 0.00337379614852 	 0.00337379614852 	 0.400446153084 	 0.452414310028 	 1.03353971854 	 0.182553595188 	 0.182553595188 
1.40611442227 	 9.58565746941 	 9.78096655844 	 0.239296074443 	 0.234599920059 	 0.12036218478 	 0.0181555863866 	 0.861482228833 	 0.00320713712522 	 0.00320713712522 	 0.404372092155 	 0.456882745892 	 0.982385248461 	 0.173535799644 	 0.173535799644 
1.41976600619 	 9.70588852314 	 9.84881064975 	 0.240256962278 	 0.236727502784 	 0.119895754537 	 0.0173827494724 	 0.86272149599 	 0.00313676270265 	 0.00313676270265 	 0.408298031225 	 0.463927423029 	 0.94056761901 	 0.169727892087 	 0.169727892087 
1.4334175901 	 9.81869296422 	 9.93594225817 	 0.241423657561 	 0.238468247339 	 0.119415717419 	 0.0166161263645 	 0.863968156216 	 0.00302759188714 	 0.00302759188714 	 0.412223970295 	 0.471092257845 	 0.899086213988 	 0.163820740623 	 0.163820740623 
1.44706917401 	 9.90519798829 	 10.0137359101 	 0.242957708732 	 0.240193763393 	 0.118946397815 	 0.0157810472355 	 0.86527255495 	 0.00304161704777 	 0.00304161704777 	 0.416149909366 	 0.477876400787 	 0.853900704682 	 0.164579631611 	 0.164579631611 
1.46072075793 	 9.74812212794 	 10.084238281 	 0.249781497543 	 0.241834998105 	 0.118416871988 	 0.0149688276568 	 0.866614300355 	 0.00302626143712 	 0.00302626143712 	 0.420075848436 	 0.484221650478 	 0.809952108607 	 0.163748750964 	 0.163748750964 
1.47437234184 	 9.92774206153 	 10.1510710268 	 0.248466698883 	 0.24311636337 	 0.117840377243 	 0.0143375442412 	 0.867822078516 	 0.00292589981342 	 0.00292589981342 	 0.424001787507 	 0.489722402547 	 0.775793833469 	 0.158318258302 	 0.158318258302 
1.48802392575 	 10.0698245718 	 10.2165766316 	 0.247425851503 	 0.243813434195 	 0.117287954908 	 0.0137296360934 	 0.868982408998 	 0.00285812581589 	 0.00285812581589 	 0.427927726577 	 0.494011612835 	 0.742900376647 	 0.154651057806 	 0.154651057806 
1.50167550966 	 9.99934581752 	 10.2786964277 	 0.250519438827 	 0.243939161417 	 0.11673497822 	 0.0130689433489 	 0.870196078431 	 0.00282934307518 	 0.00282934307518 	 0.431853665648 	 0.497003712323 	 0.70715078464 	 0.153093645157 	 0.153093645157 
1.51532709358 	 10.3293876868 	 10.336103274 	 0.243868790473 	 0.243349812755 	 0.11617197276 	 0.0123811830019 	 0.871446844238 	 0.00274578678228 	 0.00274578678228 	 0.435779604718 	 0.498326529934 	 0.669936584837 	 0.148572476421 	 0.148572476421 
1.52897867749 	 10.3163480763 	 10.3885173516 	 0.244051973984 	 0.242132776314 	 0.115595158842 	 0.011681300777 	 0.872723540381 	 0.00270736331852 	 0.00270736331852 	 0.439705543789 	 0.498126868889 	 0.632066479251 	 0.146493411433 	 0.146493411433 
1.5426302614 	 10.4051271252 	 10.4620177821 	 0.241007244248 	 0.239442532309 	 0.115083321952 	 0.0109199154761 	 0.873996762572 	 0.00257626863533 	 0.00257626863533 	 0.443631482859 	 0.495771518442 	 0.590868488064 	 0.139399975827 	 0.139399975827 
1.55628184531 	 10.4817593585 	 10.5292023003 	 0.237051080169 	 0.235712854253 	 0.114572140209 	 0.0103618152109 	 0.87506604458 	 0.00247298741297 	 0.00247298741297 	 0.44755742193 	 0.49090982614 	 0.560670098652 	 0.133811505858 	 0.133811505858 
1.56993342923 	 10.3496737495 	 10.6015594707 	 0.238879223618 	 0.233333735318 	 0.114071961555 	 0.00975690729502 	 0.87617113115 	 0.00237659866085 	 0.00237659866085 	 0.451483361 	 0.489004778145 	 0.527938982147 	 0.128595982317 	 0.128595982317 
1.58358501314 	 10.4668180548 	 10.678097935 	 0.23972111117 	 0.235022389843 	 0.113558159228 	 0.00930488186125 	 0.87713695891 	 0.00237233349342 	 0.00237233349342 	 0.455409300071 	 0.495793181485 	 0.503480222809 	 0.128365197287 	 0.128365197287 
1.59723659705 	 10.3105349003 	 10.752793592 	 0.246246030252 	 0.236615625319 	 0.113060836339 	 0.00880376752536 	 0.878135396136 	 0.00236847317253 	 0.00236847317253 	 0.459335239141 	 0.50234690186 	 0.476365299563 	 0.1281563182 	 0.1281563182 
1.61088818096 	 10.5160859229 	 10.8257863511 	 0.244958695729 	 0.238177030517 	 0.112552779137 	 0.00839703954712 	 0.879050181316 	 0.00239843853548 	 0.00239843853548 	 0.463261178212 	 0.50880234423 	 0.454357551785 	 0.129777721657 	 0.129777721657 
1.62453976488 	 10.6235816371 	 10.8946657723 	 0.245607665463 	 0.239641368723 	 0.112055137074 	 0.00783064244777 	 0.880114220478 	 0.00237815421226 	 0.00237815421226 	 0.467187117282 	 0.514912261066 	 0.423710226861 	 0.128680152045 	 0.128680152045 
1.63819134879 	 10.6287062 	 10.9595397859 	 0.248177228578 	 0.240941166247 	 0.111583213685 	 0.00732629101948 	 0.881090495295 	 0.00236420128566 	 0.00236420128566 	 0.471113056353 	 0.520528693784 	 0.396420146957 	 0.127925169585 	 0.127925169585 
1.6518429327 	 10.6955296996 	 11.0202165159 	 0.249065255321 	 0.2419651952 	 0.111125938685 	 0.00676665368134 	 0.882107407633 	 0.0022822946164 	 0.0022822946164 	 0.475038995423 	 0.525393130071 	 0.366138587674 	 0.123493260754 	 0.123493260754 
1.66549451662 	 10.6269566422 	 11.0782309689 	 0.252518412438 	 0.242710139824 	 0.110760014534 	 0.00623584612002 	 0.883004139346 	 0.00213400655448 	 0.00213400655448 	 0.478964934494 	 0.529554239566 	 0.337416986129 	 0.11546950424 	 0.11546950424 
1.67914635638 	 10.7559915349 	 11.1323399496 	 0.25133441471 	 0.243163732501 	 0.11041710448 	 0.0058205978861 	 0.883762297633 	 0.00200691666024 	 0.00200691666024 	 0.482890947143 	 0.532920676436 	 0.314948213666 	 0.108592764779 	 0.108592764779 
1.69279794029 	 10.8471887369 	 11.1842983221 	 0.251169757634 	 0.243845237244 	 0.110058168552 	 0.00553185831446 	 0.884409973134 	 0.00194547237947 	 0.00194547237947 	 0.486816886214 	 0.53670297152 	 0.299324730636 	 0.10526806054 	 0.10526806054 
1.70644952421 	 11.1779712656 	 11.2333385833 	 0.246067239533 	 0.244577157769 	 0.109691236484 	 0.005212837566 	 0.88509592595 	 0.0018050880642 	 0.0018050880642 	 0.490742825284 	 0.540480572944 	 0.282062755695 	 0.0976719698655 	 0.0976719698655 
1.72010110812 	 11.1772706418 	 11.280815856 	 0.247671313224 	 0.245205718004 	 0.109319802388 	 0.00488596346672 	 0.885794234145 	 0.00167910906213 	 0.00167910906213 	 0.494668764355 	 0.543972583253 	 0.264375841794 	 0.0908553399525 	 0.0908553399525 
1.73375269203 	 11.1815544561 	 11.3279653408 	 0.249151815983 	 0.245814507589 	 0.108933400729 	 0.00468173266925 	 0.886384866601 	 0.00158723493681 	 0.00158723493681 	 0.498594703425 	 0.547416790447 	 0.253325065551 	 0.0858840995031 	 0.0858840995031 
1.74740427595 	 11.2813913509 	 11.3752507377 	 0.248777290754 	 0.246511080281 	 0.108565242363 	 0.00444042565665 	 0.886994331981 	 0.00148630148837 	 0.00148630148837 	 0.502520642496 	 0.551073656512 	 0.24026812294 	 0.0804226658314 	 0.0804226658314 
1.76105585986 	 11.370618799 	 11.4224681786 	 0.248715735553 	 0.247297053346 	 0.108216200816 	 0.00415234123086 	 0.887631457953 	 0.00140915940925 	 0.00140915940925 	 0.506446581566 	 0.554940004203 	 0.224680089363 	 0.076248565422 	 0.076248565422 
1.77470744377 	 10.4284558971 	 11.4692578963 	 0.27106755133 	 0.248059937192 	 0.107853955561 	 0.00395198419318 	 0.888194060246 	 0.00130539724264 	 0.00130539724264 	 0.510372520637 	 0.558748583779 	 0.213838919375 	 0.0706340719185 	 0.0706340719185 
1.78835902768 	 11.4593097694 	 11.5151881702 	 0.250340771722 	 0.248840080976 	 0.107521578236 	 0.00365441191169 	 0.888824009852 	 0.00125062553829 	 0.00125062553829 	 0.514298459707 	 0.562570450021 	 0.197737504997 	 0.067670415816 	 0.067670415816 
1.8020106116 	 11.3188607136 	 11.5595834376 	 0.256972973114 	 0.251660413606 	 0.107190763183 	 0.00345062291771 	 0.8893586139 	 0.00117330136222 	 0.00117330136222 	 0.518224398778 	 0.570964806943 	 0.186710634412 	 0.0634864622765 	 0.0634864622765 
1.81566219551 	 10.557718993 	 11.6006128833 	 0.276982406818 	 0.253667479646 	 0.10686211515 	 0.00330738619823 	 0.889830498652 	 0.00119325962439 	 0.00119325962439 	 0.522150337848 	 0.57739851406 	 0.178960202271 	 0.0645663889681 	 0.0645663889681 
1.82931377942 	 10.887064242 	 11.6370373095 	 0.273067508218 	 0.256467014877 	 0.106515593395 	 0.0031565313085 	 0.890327875297 	 0.00118748342187 	 0.00118748342187 	 0.526076276919 	 0.585458321389 	 0.170797556616 	 0.0642538429548 	 0.0642538429548 
1.84296536333 	 11.3065977947 	 11.6700759269 	 0.267473283213 	 0.259400820743 	 0.106144713653 	 0.00298967742131 	 0.890865608925 	 0.00119712716868 	 0.00119712716868 	 0.530002215989 	 0.593703708785 	 0.161769217133 	 0.0647756589074 	 0.0647756589074 
1.85661694725 	 11.4249031338 	 11.7057328497 	 0.268287040916 	 0.261954060561 	 0.105799031829 	 0.00277936216681 	 0.891421606004 	 0.00119079274831 	 0.00119079274831 	 0.53392815506 	 0.601234721236 	 0.150389215455 	 0.064432908142 	 0.064432908142 
1.87026853116 	 11.5777632404 	 11.7416735889 	 0.268069553459 	 0.264214457816 	 0.105439339962 	 0.00270089585315 	 0.891859764184 	 0.00121454514484 	 0.00121454514484 	 0.53785409413 	 0.608138155334 	 0.146143461701 	 0.0657181326162 	 0.0657181326162 
1.88392011507 	 11.6128905177 	 11.7738047935 	 0.270056738557 	 0.266245034451 	 0.105076809131 	 0.00260045191624 	 0.892322738953 	 0.00122053888937 	 0.00122053888937 	 0.541780033201 	 0.614357253906 	 0.140708515134 	 0.0660424496659 	 0.0660424496659 
1.89757169898 	 11.8157111092 	 11.8008872658 	 0.268164788391 	 0.268062791256 	 0.104711136959 	 0.00246355331283 	 0.892825309729 	 0.0011947328626 	 0.0011947328626 	 0.545705972271 	 0.619863132895 	 0.133301033731 	 0.06464610479 	 0.06464610479 
1.9112232829 	 11.1465192607 	 11.8328865558 	 0.285053557668 	 0.269392872562 	 0.104342541828 	 0.00236786002322 	 0.893289598149 	 0.00116504837244 	 0.00116504837244 	 0.549631911342 	 0.624495991254 	 0.128123141148 	 0.0630398991505 	 0.0630398991505 
1.92487486681 	 11.2590674737 	 11.8686953803 	 0.284163455842 	 0.27028583623 	 0.103951436558 	 0.00233709000679 	 0.893711473435 	 0.00119446358086 	 0.00119446358086 	 0.553557850412 	 0.628314391409 	 0.126458198491 	 0.0646315341557 	 0.0646315341557 
1.93852645072 	 11.6492949322 	 11.9011623677 	 0.27666627209 	 0.270848131207 	 0.103562044747 	 0.00230853908692 	 0.894129416166 	 0.00122431084957 	 0.00122431084957 	 0.557483789483 	 0.631210018146 	 0.124913329495 	 0.0662465476209 	 0.0662465476209 
1.95217803464 	 11.7795789371 	 11.9282368451 	 0.274742030983 	 0.271165539271 	 0.10315566954 	 0.00228693439286 	 0.894557396067 	 0.00127121744408 	 0.00127121744408 	 0.561409728553 	 0.63327595034 	 0.123744315601 	 0.0687846284917 	 0.0687846284917 
1.96582961855 	 11.6798541421 	 11.9506463417 	 0.277383198285 	 0.271165923864 	 0.102730160714 	 0.00228525453172 	 0.894984584754 	 0.00132895645514 	 0.00132895645514 	 0.565335667624 	 0.634374555456 	 0.123653419567 	 0.0719088433488 	 0.0719088433488 
1.97948145831 	 11.6926655494 	 11.9692503012 	 0.277147505584 	 0.270820219756 	 0.102287063742 	 0.00226601676199 	 0.895446919496 	 0.00138058564327 	 0.00138058564327 	 0.569261680273 	 0.634475938497 	 0.122612478184 	 0.0747024602402 	 0.0747024602402 
1.99313304223 	 11.8172004353 	 11.9843964986 	 0.274001818553 	 0.270057970568 	 0.101846301777 	 0.00220417435413 	 0.895949523869 	 0.00139632325433 	 0.00139632325433 	 0.573187619343 	 0.633429035843 	 0.119266231584 	 0.0755540106462 	 0.0755540106462 
2.00678462614 	 11.8554905288 	 11.996308789 	 0.272259391201 	 0.268895570224 	 0.101408160396 	 0.00206676843265 	 0.896525071172 	 0.00132964469425 	 0.00132964469425 	 0.577113558414 	 0.631281217347 	 0.111831299579 	 0.071946083454 	 0.071946083454 
2.02043621005 	 11.8650710593 	 12.0051470688 	 0.270485597205 	 0.267161094378 	 0.100993705056 	 0.00193198477441 	 0.897074310169 	 0.0012363326078 	 0.0012363326078 	 0.581039497484 	 0.627635760485 	 0.104538256282 	 0.0668970359994 	 0.0668970359994 
2.03408779397 	 11.8731062138 	 12.0115829035 	 0.270783797157 	 0.267490301846 	 0.10062517712 	 0.00180119750581 	 0.897573625374 	 0.0011365903489 	 0.0011365903489 	 0.584965436555 	 0.628720140203 	 0.0974614546505 	 0.0615000567055 	 0.0615000567055 
2.04773937788 	 11.8832832754 	 12.0166636153 	 0.272470697987 	 0.269264330498 	 0.100270793615 	 0.00171570433302 	 0.898013502052 	 0.00105439255969 	 0.00105439255969 	 0.588891375625 	 0.633137018024 	 0.0928354827867 	 0.0570523955918 	 0.0570523955918 
2.06139096179 	 11.7019057769 	 12.0203732145 	 0.278018967746 	 0.270802099963 	 0.0999342502351 	 0.00167085607235 	 0.898394893693 	 0.00100122865043 	 0.00100122865043 	 0.592817314696 	 0.636934332818 	 0.0904087768265 	 0.0541757360836 	 0.0541757360836 
2.0750425457 	 11.7307474575 	 12.0224878459 	 0.279596635442 	 0.27291287888 	 0.0996059885706 	 0.00165401731231 	 0.898739994117 	 0.000972647661054 	 0.000972647661054 	 0.596743253766 	 0.642003196021 	 0.0894976440702 	 0.0526292400489 	 0.0526292400489 
2.08869412962 	 11.8443085724 	 12.0231514164 	 0.280338493207 	 0.276063838767 	 0.0992795747532 	 0.00157991309406 	 0.899140512153 	 0.000937497742687 	 0.000937497742687 	 0.600669192837 	 0.649448639453 	 0.0854879200489 	 0.0507273041624 	 0.0507273041624 
2.10234571353 	 11.8443085724 	 12.0239429042 	 0.283302568591 	 0.278965763101 	 0.0989693883945 	 0.00149862847738 	 0.899531983128 	 0.000894036711349 	 0.000894036711349 	 0.604595131907 	 0.656315390798 	 0.0810896700193 	 0.0483756601472 	 0.0483756601472 
2.11599729744 	 12.0463845008 	 12.0263373545 	 0.281557140104 	 0.281557140104 	 0.0986713474317 	 0.00146334467408 	 0.899865307894 	 0.00088062772379 	 0.00088062772379 	 0.608521070978 	 0.662533839478 	 0.0791804897189 	 0.0476501098238 	 0.0476501098238 
2.12964888135 	 11.9514519728 	 12.0318777687 	 0.285982448114 	 0.28378078684 	 0.0983677629272 	 0.00139628848121 	 0.900235948592 	 0.000829881470678 	 0.000829881470678 	 0.612447010048 	 0.668050333358 	 0.0755521290983 	 0.0449042678878 	 0.0449042678878 
2.14330046527 	 12.0549361151 	 12.0348758284 	 0.285790173539 	 0.285790173539 	 0.0980837992008 	 0.00133046497044 	 0.900585735829 	 0.000775820179601 	 0.000775820179601 	 0.616372949119 	 0.672935421747 	 0.0719904679874 	 0.0419790517182 	 0.0419790517182 
2.15695204918 	 12.0561692131 	 12.0361070315 	 0.28750640881 	 0.28750640881 	 0.0978249997942 	 0.00126484119517 	 0.900910159011 	 0.00075528706895 	 0.00075528706895 	 0.620298888189 	 0.67704049617 	 0.068439614415 	 0.0408680204037 	 0.0408680204037 
2.17060363309 	 12.0578827388 	 12.0378179242 	 0.288834221864 	 0.288834221864 	 0.0975769850961 	 0.00121499366776 	 0.901208021236 	 0.000717574186447 	 0.000717574186447 	 0.62422482726 	 0.680256591522 	 0.0657424018573 	 0.038827404438 	 0.038827404438 
2.184255217 	 12.0591278474 	 12.0390611196 	 0.28975328607 	 0.28975328607 	 0.0973299783147 	 0.00117883448883 	 0.901491187197 	 0.00068477523374 	 0.00068477523374 	 0.62815076633 	 0.68248622411 	 0.0637858556336 	 0.0370526775513 	 0.0370526775513 
2.19790680092 	 12.059968596 	 12.0399005763 	 0.29021576691 	 0.29021576691 	 0.0970941090126 	 0.00112080519776 	 0.90178508579 	 0.000655591342197 	 0.000655591342197 	 0.632076705401 	 0.683619562305 	 0.0606459339418 	 0.03547355893 	 0.03547355893 
2.21155838483 	 12.060272867 	 12.0402043797 	 0.290192421527 	 0.290192421527 	 0.0968655471064 	 0.00106662648439 	 0.902067826409 	 0.000620297795703 	 0.000620297795703 	 0.636002644471 	 0.683580496618 	 0.0577143641394 	 0.0335638514326 	 0.0335638514326 
2.22520996874 	 12.0604650381 	 12.0403962555 	 0.289709243031 	 0.289709243031 	 0.0966421423739 	 0.00104710683396 	 0.902310750792 	 0.000605180389368 	 0.000605180389368 	 0.639928583542 	 0.682452357553 	 0.0566581704023 	 0.0327458598424 	 0.0327458598424 
2.23886155266 	 12.0620024069 	 12.0419312621 	 0.288669595012 	 0.288669595012 	 0.0964132780928 	 0.00104252887639 	 0.902544193031 	 0.000593207011136 	 0.000593207011136 	 0.643854522612 	 0.680083359389 	 0.0564104605301 	 0.0320979892697 	 0.0320979892697 
2.25251313657 	 11.5291999997 	 12.0459166827 	 0.299315292389 	 0.287018436752 	 0.0961869000061 	 0.00103126456755 	 0.902781835426 	 0.000574873006698 	 0.000574873006698 	 0.647780461683 	 0.676399992201 	 0.0558009571734 	 0.0311059499535 	 0.0311059499535 
2.26616472048 	 12.0698133618 	 12.0497302146 	 0.288125753551 	 0.288125753551 	 0.0959737928224 	 0.000989306675953 	 0.903036900502 	 0.000528285921773 	 0.000528285921773 	 0.651706400753 	 0.679208028035 	 0.0535306469295 	 0.0285851575084 	 0.0285851575084 
2.27981656025 	 11.9604920221 	 12.0529041604 	 0.291329985624 	 0.288822933491 	 0.0957711175763 	 0.000957259125132 	 0.903271623299 	 0.000496488670261 	 0.000496488670261 	 0.655632413402 	 0.681017108749 	 0.0517965778389 	 0.0268646319268 	 0.0268646319268 
2.29346814416 	 11.9603839258 	 12.0538995162 	 0.291527614357 	 0.288994413562 	 0.0955798149902 	 0.000925617932719 	 0.903494567077 	 0.000459117975472 	 0.000459117975472 	 0.659558352473 	 0.681473404643 	 0.0500844964988 	 0.0248425314833 	 0.0248425314833 
2.30711972807 	 11.9597513626 	 12.0538995162 	 0.291169282678 	 0.288625107829 	 0.0953994986958 	 0.000853018702062 	 0.903747482602 	 0.000398668172494 	 0.000398668172494 	 0.663484291543 	 0.680602550318 	 0.0461562062344 	 0.0215716376959 	 0.0215716376959 
2.32077131199 	 11.7313640065 	 12.0538995162 	 0.295442745881 	 0.287700189889 	 0.0952389039712 	 0.000799291535365 	 0.903961804493 	 0.000368097219611 	 0.000368097219611 	 0.667410230614 	 0.678421515157 	 0.043249069286 	 0.0199174662192 	 0.0199174662192 
2.3344228959 	 12.0744254684 	 12.0543352342 	 0.286248505678 	 0.286248505678 	 0.0950777380939 	 0.000733422500362 	 0.904188839406 	 0.00031685473552 	 0.00031685473552 	 0.671336169684 	 0.675020850679 	 0.0396849448926 	 0.0171447735948 	 0.0171447735948 
2.34807447981 	 12.0154489558 	 12.0545590894 	 0.285567362306 	 0.284274341714 	 0.0949453650363 	 0.000683697602821 	 0.904370937361 	 0.000312192112951 	 0.000312192112951 	 0.675262108755 	 0.670376944168 	 0.0369943677454 	 0.0168924825626 	 0.0168924825626 
2.36172606372 	 12.0154089201 	 12.0545430997 	 0.283081125392 	 0.281798840572 	 0.0948127903955 	 0.000665574084984 	 0.90452163552 	 0.000317917415675 	 0.000317917415675 	 0.679188047825 	 0.66453839305 	 0.0360137177022 	 0.017202274426 	 0.017202274426 
2.37537764764 	 12.0193644421 	 12.0545590894 	 0.280040363561 	 0.278856232806 	 0.0946801821574 	 0.000648959250433 	 0.904670858592 	 0.000334977917385 	 0.000334977917385 	 0.683113986896 	 0.657599937033 	 0.0351147013873 	 0.0181254054588 	 0.0181254054588 
2.38902923155 	 11.8448050144 	 12.0547029962 	 0.280373258212 	 0.275441424857 	 0.094545037329 	 0.000624981584522 	 0.904829981086 	 0.000336798550885 	 0.000336798550885 	 0.687039925966 	 0.649554282892 	 0.0338172877549 	 0.0182239185806 	 0.0182239185806 
2.40268081546 	 12.0397465904 	 12.0555424529 	 0.272997457196 	 0.272248176514 	 0.0944110348062 	 0.000615257372365 	 0.904973707821 	 0.00034673509749 	 0.00034673509749 	 0.690965865037 	 0.642065152324 	 0.0332911178822 	 0.0187615777119 	 0.0187615777119 
2.41633239937 	 12.0757346341 	 12.0556423882 	 0.268442138956 	 0.268442138956 	 0.0942829453946 	 0.000610087767705 	 0.905106966838 	 0.00036283085495 	 0.00036283085495 	 0.694891804107 	 0.633093908569 	 0.0330113944269 	 0.0196325071523 	 0.0196325071523 
2.42998398329 	 12.0757466448 	 12.0556543805 	 0.263983936441 	 0.263983936441 	 0.0941526553649 	 0.000590760629363 	 0.905256584006 	 0.000372905486141 	 0.000372905486141 	 0.698817743178 	 0.622580256158 	 0.0319656173753 	 0.0201776379377 	 0.0201776379377 
2.4436355672 	 12.0757466448 	 12.0556543805 	 0.258936946613 	 0.258936946613 	 0.0940262962103 	 0.000555919301487 	 0.905417784488 	 0.00036614572493 	 0.00036614572493 	 0.702743682248 	 0.610677425015 	 0.0300803790903 	 0.0198118722964 	 0.0198118722964 
2.45728715111 	 12.0757666626 	 12.0556743675 	 0.254035647549 	 0.254035647549 	 0.0939035655557 	 0.000526378943411 	 0.905570055501 	 0.000363591832045 	 0.000363591832045 	 0.706669621319 	 0.599119108465 	 0.0284819723305 	 0.0196736830558 	 0.0196736830558 
2.47093873503 	 12.0757706662 	 12.055678365 	 0.255705884082 	 0.255705884082 	 0.0937785838871 	 0.000502710203964 	 0.905718705909 	 0.000360616126029 	 0.000360616126029 	 0.710595560389 	 0.6030583884 	 0.0272012744787 	 0.0195126698209 	 0.0195126698209 
2.48459031894 	 12.0759708444 	 12.0558782356 	 0.257451098901 	 0.257451098901 	 0.0936533670381 	 0.000480298336618 	 0.905866334625 	 0.000353200043072 	 0.000353200043072 	 0.71452149946 	 0.607183609453 	 0.0259885850397 	 0.0191113910992 	 0.0191113910992 
2.49824190285 	 12.077151896 	 12.0570574724 	 0.25921248527 	 0.25921248527 	 0.0935284189668 	 0.00046678469371 	 0.90600479634 	 0.000347044023953 	 0.000347044023953 	 0.71844743853 	 0.611392955323 	 0.0252573718933 	 0.0187782934926 	 0.0187782934926 
2.51189348676 	 12.0776683559 	 12.0575731387 	 0.260991101807 	 0.260991101807 	 0.0934165066179 	 0.000418646257026 	 0.906164847125 	 0.000304265688181 	 0.000304265688181 	 0.722373377601 	 0.615612410613 	 0.0226526369608 	 0.0164635896256 	 0.0164635896256 
2.52554507068 	 11.9613287671 	 12.0579329058 	 0.265104849593 	 0.262739224563 	 0.0933082731649 	 0.000406763087336 	 0.906284963748 	 0.000293116617808 	 0.000293116617808 	 0.726299316671 	 0.619752868006 	 0.0220096475051 	 0.0158603217369 	 0.0158603217369 
2.53919665459 	 12.016698068 	 12.0578729446 	 0.265633380361 	 0.264388882443 	 0.0932081702398 	 0.0003876125024 	 0.906404217258 	 0.000273165411054 	 0.000273165411054 	 0.730225255742 	 0.62364123979 	 0.0209734236267 	 0.0147807768086 	 0.0147807768086 
2.5528482385 	 12.0166940644 	 12.0578729446 	 0.267136902558 	 0.265885278828 	 0.0931060850786 	 0.000378968440953 	 0.90651494648 	 0.000263688978414 	 0.000263688978414 	 0.734151194812 	 0.627170943794 	 0.020505699904 	 0.014268014101 	 0.014268014101 
